301  191  3
301  258  3
301  283  3
301  286  3
301  481  3
301  484  3
301  515  3
301  604  3
302  258  3
302  269  3
302  289  2
302  300  3
302  316  3
302  326  2
302  328  2
302  333  2
302  875  2
303  268  4
303  269  4
303  286  4
303  294  4
303  303  4
303  305  4
303  306  4
303  319  4
303  333  4
303  340  4
303  343  4
303  995  4
304  22  3
304  64  4
304  143  3
304  172  4
304  194  3
304  215  3
304  286  4
304  427  3
304  604  3
304  606  3
304  705  3
305  87  4
305  137  4
305  288  4
305  327  4
305  475  4
305  690  3
305  750  4
306  126  4
306  151  4
306  252  4
306  255  4
306  405  4
306  471  4
306  597  5
306  846  5
307  118  3
307  125  3
307  181  3
307  220  3
307  252  3
307  258  4
307  286  3
307  298  3
307  476  3
307  546  3
307  756  3
307  845  3
307  926  3
308  269  4
308  301  4
308  313  3
308  336  4
308  353  4
309  288  3
309  294  3
309  307  3
309  310  3
309  335  2
309  343  3
309  346  3
309  682  3
309  689  3
309  690  3
309  750  3
309  880  3
310  50  3
310  112  2
310  133  2
310  300  2
310  411  3
310  473  2
310  756  2
311  111  3
311  151  3
311  251  2
311  257  3
311  259  2
311  271  2
311  272  2
311  736  2
312  7  5
312  149  4
312  224  4
312  268  4
312  275  4
312  290  4
312  300  4
312  475  4
312  740  4
313  272  3
313  286  4
313  289  3
313  310  3
313  313  3
313  323  3
313  328  3
313  690  4
313  873  3
314  258  4
314  272  3
314  288  4
314  300  4
314  319  3
314  350  3
314  748  3
315  117  4
315  125  4
315  259  4
315  294  4
315  301  4
315  321  4
315  326  4
315  339  4
315  340  4
315  359  4
315  410  4
315  597  4
315  687  4
316  14  2
316  25  2
316  124  1
316  272  2
316  285  1
316  286  2
316  508  2
317  272  3
317  305  3
317  315  3
317  321  3
317  340  3
318  22  4
318  98  4
318  245  4
318  286  4
318  288  4
318  294  4
318  301  4
318  311  4
318  347  4
318  515  4
318  525  4
318  752  4
319  258  4
319  289  4
319  308  4
319  310  4
319  326  4
319  332  4
319  338  4
319  342  4
319  538  4
319  682  4
319  690  4
319  877  4
320  262  3
320  271  3
320  288  4
320  294  3
320  302  3
320  307  3
320  325  3
320  333  4
320  340  3
320  343  3
320  879  4
321  100  3
321  150  3
321  151  3
321  168  4
321  198  3
321  205  3
321  216  4
321  222  3
321  288  3
321  302  3
321  313  3
321  455  3
321  538  3
321  628  3
322  21  3
322  147  2
322  151  3
322  222  3
322  405  2
322  410  2
322  473  3
322  742  2
322  815  2
323  261  5
323  300  5
323  322  5
323  409  5
323  456  5
323  687  5
323  881  5
323  948  5
324  245  1
324  270  1
324  289  1
324  301  1
324  303  1
324  307  1
324  309  1
324  748  1
325  111  3
325  237  3
325  271  3
325  275  3
325  278  3
325  288  3
325  294  3
325  298  3
325  313  3
325  681  3
325  763  3
325  893  3
326  14  4
326  25  4
326  116  4
326  235  4
326  242  4
326  283  4
326  306  3
326  319  4
326  321  4
326  756  4
326  864  4
327  258  4
327  286  3
327  300  4
327  304  4
327  324  3
327  331  3
328  14  3
328  24  3
328  181  4
328  251  2
328  258  3
328  274  3
328  536  2
329  264  3
329  268  3
329  288  3
329  313  3
329  322  3
329  323  3
329  328  3
329  350  3
329  678  3
329  748  3
330  261  1
330  267  2
330  269  2
330  301  2
330  302  2
330  313  2
330  333  2
330  689  2
330  750  2
330  879  2
330  880  2
331  1  6
331  5  6
331  7  6
331  8  5
331  9  5
331  12  5
331  22  6
331  31  6
331  38  5
331  44  5
331  53  5
331  54  6
331  56  5
331  70  6
331  73  6
331  77  6
331  79  6
331  82  5
331  95  5
331  96  5
331  97  6
331  98  5
331  105  6
331  106  6
331  117  5
331  120  6
331  121  5
331  122  5
331  123  6
331  125  6
331  127  6
331  144  6
331  148  6
331  156  6
331  159  5
331  172  6
331  174  6
331  181  6
331  182  6
331  195  6
331  204  6
331  218  5
331  222  6
331  227  6
331  229  6
331  230  6
331  232  5
331  233  6
331  235  5
331  237  6
331  240  5
331  249  5
331  252  5
331  255  5
331  257  5
331  258  6
331  264  5
331  265  6
331  271  6
331  273  6
331  284  6
331  288  5
331  291  5
331  293  6
331  294  5
331  295  5
331  300  6
331  307  6
331  313  6
331  322  5
331  326  6
331  327  5
331  332  5
331  333  5
331  342  6
331  354  6
331  356  5
331  369  5
331  370  5
331  405  5
331  406  5
331  409  5
331  410  5
331  431  6
331  449  5
331  450  6
331  451  5
331  452  5
331  456  5
331  470  6
331  546  5
331  566  5
331  595  5
331  597  6
331  628  5
331  651  6
331  655  6
331  660  5
331  679  6
331  682  6
331  684  5
331  693  5
331  696  6
331  717  5
331  728  5
331  742  5
331  746  5
331  756  6
331  763  6
331  770  5
331  815  5
331  824  5
331  827  5
331  831  6
331  833  5
331  840  5
331  841  5
331  845  6
331  866  6
331  871  5
331  879  6
331  895  6
331  928  5
331  931  5
331  934  5
331  975  5
331  978  5
331  982  5
331  983  5
332  66  2
332  79  3
332  88  2
332  98  3
332  174  3
332  180  3
332  269  3
332  315  3
332  316  2
332  513  2
332  739  2
332  873  2
332  894  2
333  4  3
333  7  3
333  8  3
333  9  3
333  19  3
333  20  2
333  22  3
333  23  3
333  28  3
333  42  3
333  50  3
333  52  2
333  56  3
333  58  2
333  59  2
333  61  2
333  68  2
333  69  3
333  70  3
333  72  3
333  73  3
333  74  2
333  77  3
333  79  3
333  81  3
333  82  3
333  83  2
333  86  2
333  89  3
333  91  3
333  93  3
333  95  3
333  98  3
333  100  3
333  111  3
333  115  2
333  116  3
333  117  3
333  124  3
333  125  3
333  127  3
333  131  2
333  132  2
333  134  3
333  135  3
333  143  2
333  151  3
333  153  3
333  154  3
333  155  3
333  160  3
333  163  2
333  164  3
333  168  3
333  169  3
333  170  3
333  171  3
333  172  3
333  173  2
333  174  3
333  175  3
333  176  3
333  179  3
333  181  3
333  182  3
333  183  3
333  185  3
333  186  3
333  191  3
333  196  3
333  197  3
333  200  2
333  203  3
333  204  3
333  207  2
333  210  3
333  213  3
333  216  3
333  217  2
333  220  3
333  221  3
333  223  3
333  224  3
333  225  3
333  227  3
333  228  3
333  229  3
333  230  3
333  231  3
333  235  3
333  237  3
333  238  3
333  244  2
333  245  3
333  248  3
333  250  2
333  255  2
333  257  3
333  258  3
333  265  3
333  268  3
333  269  3
333  271  3
333  272  3
333  275  2
333  276  3
333  277  2
333  282  2
333  283  2
333  285  3
333  286  3
333  287  3
333  288  3
333  289  3
333  293  3
333  297  2
333  300  3
333  302  3
333  303  3
333  305  2
333  310  3
333  311  2
333  312  3
333  313  3
333  315  3
333  316  3
333  317  2
333  318  3
333  319  2
333  322  3
333  324  2
333  326  2
333  328  2
333  333  3
333  337  2
333  338  3
333  340  3
333  345  2
333  346  3
333  347  3
333  371  3
333  387  3
333  396  2
333  405  3
333  408  3
333  421  2
333  423  3
333  425  2
333  427  3
333  428  3
333  429  2
333  430  2
333  433  2
333  436  2
333  443  2
333  449  2
333  450  3
333  461  3
333  462  2
333  474  2
333  475  3
333  476  3
333  481  3
333  483  2
333  484  3
333  485  2
333  488  3
333  494  2
333  498  2
333  500  2
333  502  2
333  505  2
333  508  3
333  510  2
333  512  2
333  514  3
333  515  3
333  521  3
333  525  2
333  529  3
333  531  2
333  537  2
333  553  3
333  558  2
333  566  3
333  569  2
333  577  2
333  582  3
333  591  3
333  603  3
333  606  2
333  607  2
333  608  2
333  620  2
333  628  3
333  629  2
333  631  2
333  634  2
333  635  2
333  640  2
333  642  2
333  652  2
333  655  3
333  657  2
333  658  2
333  675  2
333  678  3
333  684  2
333  689  3
333  693  2
333  707  3
333  708  2
333  709  3
333  710  2
333  712  2
333  716  3
333  736  2
333  740  2
333  742  2
333  744  3
333  746  2
333  753  2
333  762  3
333  792  3
333  815  2
333  840  2
333  845  3
333  846  3
333  855  2
333  856  2
333  865  2
333  870  2
333  877  2
333  879  3
333  886  2
333  887  3
333  888  2
333  896  2
333  899  2
333  902  3
333  905  3
333  906  2
333  922  2
333  931  2
333  936  3
333  937  3
333  945  2
333  950  2
333  961  2
333  969  2
334  245  4
334  269  5
334  271  5
334  288  4
334  300  4
334  313  4
334  322  5
334  323  5
334  328  4
334  333  5
334  902  5
335  3  3
335  4  3
335  13  3
335  26  3
335  33  2
335  41  3
335  49  3
335  56  3
335  66  3
335  70  3
335  88  3
335  94  3
335  100  3
335  105  3
335  108  3
335  111  3
335  117  3
335  121  3
335  122  3
335  124  3
335  125  3
335  151  3
335  153  3
335  154  3
335  158  3
335  168  3
335  186  2
335  202  3
335  204  3
335  208  2
335  216  3
335  232  2
335  237  3
335  239  3
335  275  3
335  276  3
335  282  4
335  284  4
335  288  3
335  290  3
335  367  3
335  383  3
335  388  3
335  395  3
335  399  3
335  401  3
335  405  3
335  410  3
335  475  3
335  546  3
335  571  3
335  577  2
335  619  3
335  628  3
335  655  2
335  692  3
335  710  3
335  722  2
335  732  3
335  738  3
335  742  3
335  762  3
335  763  3
335  765  3
335  780  3
335  781  3
335  790  3
335  796  3
335  824  3
335  845  3
335  859  3
335  926  3
335  959  3
335  998  3
336  15  3
336  121  3
336  125  3
336  127  3
336  135  3
336  222  3
336  228  3
336  229  3
336  235  2
336  371  2
336  449  2
336  450  2
336  471  3
336  515  2
336  520  2
336  631  2
336  742  3
336  831  2
337  52  4
337  56  4
337  79  4
337  83  3
337  100  4
337  132  4
337  133  4
337  134  4
337  168  5
337  170  4
337  175  4
337  180  4
337  189  4
337  194  4
337  196  4
337  197  4
337  204  4
337  208  4
337  211  4
337  212  4
337  213  4
337  216  4
337  269  4
337  286  4
337  294  4
337  301  4
337  306  4
337  310  4
337  408  4
337  435  4
337  462  4
337  483  3
337  484  4
337  486  4
337  488  4
337  490  4
337  494  4
337  498  4
337  511  4
337  513  4
337  514  4
337  516  4
337  523  4
337  525  4
337  603  4
337  606  4
337  607  4
337  613  4
337  650  4
337  654  4
337  663  4
337  708  4
337  792  4
337  945  4
338  1  3
338  4  4
338  5  3
338  7  4
338  11  3
338  12  3
338  22  3
338  23  4
338  25  3
338  28  4
338  29  3
338  30  3
338  32  3
338  42  2
338  45  3
338  47  3
338  50  4
338  55  3
338  56  4
338  58  3
338  64  4
338  65  3
338  67  3
338  69  3
338  73  3
338  74  3
338  76  3
338  79  3
338  80  3
338  81  3
338  86  3
338  88  3
338  89  3
338  91  3
338  97  4
338  98  3
338  99  3
338  100  4
338  101  3
338  117  2
338  121  3
338  124  3
338  126  3
338  127  4
338  130  3
338  131  3
338  132  4
338  133  3
338  134  3
338  135  4
338  136  3
338  139  3
338  145  3
338  150  3
338  151  3
338  153  4
338  154  4
338  156  3
338  157  4
338  160  3
338  161  4
338  163  3
338  167  3
338  168  4
338  170  3
338  173  4
338  174  4
338  175  4
338  179  3
338  180  4
338  181  3
338  182  4
338  183  3
338  185  4
338  186  3
338  188  4
338  190  3
338  191  3
338  192  4
338  194  4
338  195  4
338  196  3
338  197  3
338  198  2
338  203  3
338  204  3
338  205  3
338  208  3
338  209  4
338  214  3
338  222  3
338  226  3
338  227  3
338  228  4
338  231  3
338  233  3
338  234  3
338  235  3
338  238  4
338  240  3
338  257  3
338  258  3
338  265  3
338  269  3
338  270  3
338  276  3
338  286  4
338  288  3
338  298  3
338  317  3
338  327  3
338  347  3
338  357  3
338  380  3
338  383  3
338  402  3
338  403  3
338  404  3
338  410  3
338  411  3
338  415  3
338  423  3
338  427  3
338  428  3
338  431  3
338  433  3
338  435  3
338  436  3
338  447  3
338  451  3
338  461  3
338  469  3
338  474  3
338  475  3
338  478  3
338  479  3
338  483  4
338  484  4
338  485  4
338  488  3
338  496  3
338  498  4
338  503  3
338  508  3
338  509  3
338  511  4
338  514  3
338  515  3
338  516  3
338  521  3
338  522  3
338  523  3
338  525  3
338  527  3
338  528  3
338  530  3
338  546  3
338  549  3
338  550  3
338  566  3
338  568  3
338  573  3
338  582  3
338  589  3
338  603  3
338  607  3
338  614  3
338  631  3
338  632  3
338  636  3
338  637  3
338  640  3
338  642  3
338  649  3
338  650  3
338  655  3
338  657  3
338  661  3
338  663  3
338  673  3
338  675  3
338  678  3
338  702  3
338  709  2
338  735  3
338  737  3
338  739  3
338  772  3
338  806  3
338  823  2
338  845  3
338  856  3
338  939  2
338  942  3
338  961  3
339  15  5
339  50  4
339  71  5
339  88  5
339  143  5
339  172  4
339  173  5
339  179  5
339  180  5
339  181  4
339  186  5
339  199  5
339  204  5
339  402  5
339  405  5
339  417  5
339  418  5
339  435  4
339  486  5
339  502  5
339  504  5
339  520  5
339  526  5
339  588  5
339  662  5
339  946  5
340  3  2
340  4  2
340  7  2
340  8  2
340  11  2
340  13  2
340  15  2
340  23  2
340  25  2
340  26  1
340  28  2
340  32  2
340  47  2
340  56  3
340  58  2
340  68  2
340  92  2
340  95  2
340  108  1
340  111  2
340  122  1
340  123  2
340  124  2
340  125  2
340  129  2
340  131  1
340  132  2
340  133  2
340  134  2
340  135  2
340  143  2
340  144  2
340  156  2
340  160  2
340  174  2
340  175  2
340  179  2
340  189  2
340  191  2
340  192  2
340  193  2
340  194  2
340  196  2
340  197  2
340  204  2
340  208  2
340  209  2
340  212  2
340  216  2
340  223  2
340  237  2
340  238  2
340  240  2
340  248  2
340  251  1
340  255  2
340  257  2
340  274  2
340  276  2
340  282  2
340  286  2
340  287  2
340  288  2
340  289  2
340  297  1
340  298  2
340  301  2
340  319  1
340  320  1
340  327  2
340  357  2
340  367  2
340  378  1
340  381  2
340  382  2
340  408  2
340  410  2
340  421  2
340  423  2
340  427  2
340  433  2
340  461  1
340  478  2
340  482  2
340  487  1
340  496  2
340  499  1
340  508  2
340  517  2
340  518  1
340  523  2
340  531  1
340  535  1
340  544  2
340  547  1
340  558  2
340  574  1
340  581  2
340  584  1
340  591  2
340  606  2
340  607  1
340  654  2
340  655  2
340  656  1
340  657  2
340  663  1
340  692  2
340  699  2
340  723  2
340  724  2
340  727  1
340  732  2
340  746  1
340  756  2
340  762  2
340  764  2
340  772  1
340  789  2
340  792  2
340  813  2
340  815  2
340  818  1
340  844  1
340  846  2
340  866  2
340  873  1
340  875  1
340  928  2
340  950  1
340  952  1
340  965  1
340  974  1
340  975  1
341  1  4
341  3  3
341  4  3
341  8  4
341  9  4
341  10  3
341  11  4
341  12  4
341  20  3
341  23  3
341  25  4
341  26  3
341  28  4
341  38  3
341  42  4
341  47  3
341  48  4
341  50  4
341  52  3
341  53  3
341  55  3
341  56  4
341  57  3
341  58  3
341  62  3
341  65  3
341  66  3
341  67  3
341  68  3
341  69  4
341  76  3
341  79  3
341  81  3
341  82  4
341  83  3
341  86  3
341  87  3
341  88  4
341  89  4
341  90  3
341  97  4
341  98  4
341  100  4
341  117  3
341  118  3
341  121  4
341  124  3
341  127  4
341  130  3
341  132  4
341  134  3
341  135  4
341  137  3
341  143  4
341  144  4
341  147  3
341  152  3
341  154  3
341  155  3
341  156  3
341  159  3
341  163  3
341  164  3
341  168  4
341  169  3
341  174  4
341  175  4
341  176  4
341  177  3
341  179  4
341  180  3
341  186  4
341  187  3
341  188  3
341  189  3
341  193  3
341  194  4
341  196  4
341  197  4
341  199  3
341  200  3
341  208  3
341  211  3
341  214  3
341  223  3
341  228  4
341  229  4
341  231  3
341  234  3
341  235  3
341  236  3
341  237  4
341  238  3
341  241  3
341  250  4
341  257  3
341  265  4
341  269  3
341  275  3
341  276  4
341  277  3
341  283  3
341  288  3
341  297  3
341  303  3
341  306  3
341  318  4
341  333  3
341  334  3
341  357  4
341  358  3
341  367  4
341  371  3
341  375  3
341  382  3
341  385  4
341  408  3
341  410  3
341  423  4
341  427  3
341  429  3
341  435  3
341  449  3
341  458  3
341  462  3
341  463  3
341  471  3
341  473  3
341  474  3
341  475  4
341  476  3
341  483  4
341  498  3
341  499  3
341  508  3
341  510  3
341  515  3
341  521  3
341  523  3
341  527  3
341  528  3
341  530  3
341  536  3
341  546  3
341  555  3
341  559  3
341  561  3
341  568  4
341  569  3
341  581  3
341  582  3
341  606  3
341  614  3
341  631  3
341  642  3
341  654  4
341  655  4
341  657  3
341  660  4
341  684  3
341  702  3
341  703  3
341  708  3
341  712  3
341  724  3
341  727  3
341  729  3
341  739  3
341  744  3
341  747  3
341  778  3
341  786  3
341  792  3
341  823  3
341  919  3
341  921  3
341  930  3
341  931  3
341  943  3
341  950  3
341  951  3
341  961  3
341  980  3
342  1  4
342  4  3
342  5  2
342  7  3
342  8  3
342  9  4
342  11  3
342  12  3
342  13  3
342  14  3
342  22  3
342  25  3
342  26  3
342  39  3
342  45  2
342  58  3
342  70  4
342  71  3
342  73  3
342  79  3
342  86  3
342  87  3
342  88  3
342  89  3
342  95  3
342  96  3
342  97  3
342  106  3
342  111  3
342  118  3
342  119  2
342  121  3
342  122  3
342  124  3
342  125  3
342  127  3
342  129  3
342  132  3
342  137  3
342  148  3
342  151  3
342  172  4
342  174  4
342  175  3
342  176  3
342  181  4
342  183  3
342  190  3
342  191  3
342  195  3
342  196  3
342  198  3
342  203  2
342  204  3
342  208  3
342  210  3
342  213  3
342  216  3
342  228  3
342  237  3
342  244  2
342  245  2
342  246  2
342  248  3
342  251  3
342  255  2
342  268  2
342  269  3
342  272  2
342  273  3
342  274  3
342  275  3
342  276  3
342  278  2
342  280  2
342  281  3
342  283  3
342  284  3
342  285  3
342  286  3
342  288  3
342  291  3
342  295  3
342  297  2
342  298  3
342  301  2
342  303  2
342  304  3
342  306  3
342  311  2
342  313  3
342  315  3
342  316  3
342  322  3
342  357  3
342  367  3
342  372  2
342  385  3
342  405  3
342  421  2
342  451  3
342  459  2
342  462  2
342  471  3
342  472  3
342  476  3
342  477  3
342  478  3
342  479  3
342  486  2
342  487  2
342  494  2
342  508  3
342  509  3
342  516  3
342  535  2
342  537  2
342  559  3
342  562  2
342  568  3
342  597  3
342  619  3
342  647  3
342  660  3
342  678  3
342  684  2
342  694  2
342  696  2
342  707  3
342  708  3
342  709  2
342  713  3
342  716  2
342  742  4
342  751  3
342  764  2
342  844  2
342  845  3
342  864  3
342  896  2
342  926  3
342  928  2
342  955  2
342  972  2
343  1  3
343  4  2
343  5  2
343  9  3
343  11  2
343  13  2
343  14  2
343  15  2
343  25  2
343  26  1
343  28  2
343  33  2
343  43  1
343  44  2
343  48  2
343  49  1
343  50  3
343  51  2
343  56  3
343  64  3
343  65  2
343  66  2
343  69  2
343  70  2
343  71  1
343  77  2
343  79  3
343  81  2
343  87  2
343  93  2
343  98  2
343  100  3
343  111  2
343  117  3
343  121  2
343  124  2
343  125  2
343  126  2
343  131  2
343  132  2
343  137  2
343  143  2
343  148  2
343  151  2
343  170  2
343  172  3
343  173  2
343  174  3
343  191  2
343  196  3
343  202  2
343  204  2
343  216  3
343  220  1
343  221  2
343  223  2
343  226  2
343  234  2
343  237  2
343  239  1
343  241  2
343  245  1
343  246  2
343  251  1
343  255  2
343  258  2
343  262  1
343  268  2
343  269  2
343  272  2
343  274  2
343  278  2
343  280  2
343  282  2
343  283  2
343  284  2
343  285  2
343  287  1
343  288  2
343  289  2
343  291  2
343  293  2
343  294  2
343  295  1
343  297  1
343  298  2
343  300  2
343  301  2
343  302  2
343  303  1
343  305  1
343  311  1
343  312  1
343  313  3
343  315  2
343  317  1
343  323  2
343  325  1
343  332  1
343  333  2
343  356  2
343  365  1
343  367  2
343  378  1
343  381  2
343  382  2
343  387  1
343  402  2
343  403  2
343  405  2
343  416  1
343  433  2
343  443  2
343  451  2
343  461  2
343  464  1
343  471  2
343  473  1
343  476  2
343  479  2
343  481  1
343  485  2
343  498  2
343  518  1
343  535  1
343  559  1
343  566  2
343  568  2
343  582  2
343  620  1
343  639  1
343  651  2
343  655  2
343  660  2
343  676  1
343  696  2
343  702  1
343  708  1
343  709  2
343  715  1
343  716  1
343  722  1
343  724  2
343  732  2
343  736  1
343  737  1
343  738  1
343  739  1
343  742  3
343  744  2
343  747  2
343  748  2
343  762  2
343  781  2
343  845  2
343  846  1
343  866  2
343  879  1
343  886  1
343  903  1
343  919  1
343  949  1
343  955  1
343  956  1
343  972  1
344  2  2
344  3  2
344  4  2
344  11  3
344  17  2
344  22  2
344  29  2
344  31  2
344  33  2
344  38  2
344  50  4
344  53  2
344  54  2
344  55  2
344  56  3
344  62  2
344  64  3
344  67  2
344  72  2
344  76  2
344  77  2
344  83  2
344  89  3
344  91  2
344  92  2
344  94  2
344  97  2
344  98  3
344  100  3
344  110  2
344  117  2
344  121  2
344  127  3
344  128  2
344  132  3
344  133  2
344  134  3
344  141  2
344  143  2
344  144  2
344  147  2
344  153  2
344  156  2
344  157  2
344  158  2
344  161  2
344  167  2
344  168  3
344  172  3
344  173  3
344  174  3
344  180  2
344  181  3
344  183  3
344  184  2
344  186  3
344  187  2
344  188  2
344  203  3
344  204  2
344  210  3
344  213  2
344  215  3
344  216  3
344  218  2
344  219  2
344  232  2
344  234  2
344  237  2
344  240  2
344  241  2
344  245  2
344  250  2
344  259  2
344  265  2
344  273  2
344  276  2
344  288  2
344  291  2
344  293  2
344  294  3
344  300  2
344  302  2
344  318  3
344  322  2
344  325  2
344  333  2
344  358  2
344  363  2
344  366  2
344  369  2
344  385  2
344  391  2
344  392  2
344  394  2
344  403  2
344  405  2
344  415  2
344  423  3
344  431  2
344  455  2
344  470  2
344  496  3
344  518  2
344  520  2
344  541  2
344  546  2
344  549  2
344  550  2
344  561  2
344  569  2
344  571  2
344  572  2
344  576  2
344  578  2
344  582  2
344  597  2
344  616  2
344  636  2
344  657  2
344  669  2
344  684  2
344  685  2
344  712  2
344  727  2
344  732  2
344  739  2
344  742  2
344  743  2
344  746  2
344  748  2
344  780  2
344  785  2
344  802  2
344  809  2
344  831  2
344  842  2
344  932  2
344  944  2
344  951  2
344  959  2
344  967  2
344  977  2
345  1  4
345  7  4
345  12  4
345  15  5
345  17  3
345  22  4
345  24  4
345  25  4
345  28  4
345  31  4
345  50  4
345  55  4
345  56  4
345  65  4
345  70  4
345  73  4
345  76  4
345  77  4
345  82  4
345  85  3
345  87  4
345  91  4
345  96  4
345  97  4
345  98  4
345  99  4
345  100  4
345  117  4
345  118  4
345  125  4
345  127  4
345  132  4
345  137  4
345  144  3
345  151  4
345  156  4
345  157  4
345  159  4
345  163  4
345  164  3
345  168  4
345  172  4
345  173  3
345  174  4
345  177  4
345  181  4
345  182  4
345  183  4
345  187  3
345  188  4
345  192  4
345  195  4
345  200  4
345  202  4
345  203  4
345  204  4
345  208  4
345  215  4
345  216  4
345  223  4
345  226  4
345  227  4
345  230  4
345  233  4
345  235  4
345  239  4
345  240  4
345  241  4
345  246  3
345  252  4
345  257  4
345  258  3
345  268  4
345  271  3
345  273  4
345  276  4
345  280  4
345  286  4
345  288  4
345  290  4
345  291  4
345  293  4
345  294  4
345  298  4
345  317  4
345  318  4
345  323  4
345  324  3
345  328  4
345  333  4
345  356  4
345  369  4
345  371  4
345  385  4
345  386  4
345  392  4
345  403  3
345  404  4
345  405  4
345  410  4
345  416  4
345  423  4
345  432  4
345  435  4
345  460  4
345  462  4
345  465  4
345  468  4
345  470  4
345  471  4
345  472  4
345  475  3
345  501  4
345  508  4
345  544  4
345  550  4
345  568  4
345  588  4
345  597  4
345  609  4
345  655  4
345  660  4
345  685  4
345  686  4
345  689  4
345  692  4
345  699  4
345  721  4
345  735  4
345  742  4
345  756  4
345  763  4
345  806  4
345  819  4
345  820  4
345  827  4
345  829  4
345  831  4
345  871  4
345  879  4
345  928  4
345  930  4
345  943  4
345  959  3
345  977  4
345  982  4
346  7  4
346  15  4
346  100  4
346  107  4
346  118  4
346  121  3
346  123  4
346  126  3
346  147  4
346  225  4
346  240  4
346  243  4
346  245  4
346  276  4
346  288  4
346  294  4
346  313  4
346  323  4
346  368  4
346  370  4
346  405  4
346  409  4
346  412  4
346  472  4
346  473  4
346  476  4
346  546  4
346  628  3
346  756  4
346  831  4
346  834  4
346  924  4
346  926  4
346  928  4
346  934  4
346  974  4
346  988  4
347  9  3
347  10  2
347  15  2
347  20  2
347  100  3
347  118  2
347  120  2
347  121  3
347  125  2
347  237  3
347  288  3
347  411  2
347  412  2
347  455  2
347  471  2
347  596  2
347  847  2
348  1  4
348  23  4
348  50  4
348  89  4
348  132  4
348  136  4
348  153  4
348  168  4
348  172  4
348  173  4
348  174  4
348  176  5
348  183  4
348  185  4
348  193  4
348  204  4
348  210  4
348  214  4
348  258  4
348  265  4
348  271  4
348  340  4
348  479  4
348  480  4
348  483  4
348  489  4
348  515  4
348  589  4
348  604  4
348  616  4
348  654  4
348  657  4
349  245  3
349  286  3
349  288  3
349  289  3
349  300  4
349  310  4
349  312  3
349  322  3
349  323  3
349  327  3
349  328  4
349  332  3
349  340  3
349  341  2
349  343  3
349  359  2
349  678  3
349  748  3
349  750  3
349  751  3
349  873  2
349  879  3
349  882  2
349  888  3
349  989  2
349  990  2
350  7  3
350  12  3
350  50  4
350  55  3
350  56  3
350  79  4
350  82  4
350  86  3
350  89  4
350  98  4
350  100  3
350  144  3
350  156  4
350  172  4
350  173  4
350  176  4
350  181  4
350  182  4
350  195  4
350  216  3
350  228  3
350  234  3
350  302  3
350  385  4
350  568  4
350  653  3
350  657  3
350  692  4
351  258  3
351  260  2
351  270  3
351  272  3
351  286  3
351  300  3
351  316  2
351  326  3
351  327  2
351  333  3
351  343  2
351  750  3
351  905  2
352  7  3
352  9  4
352  14  4
352  19  3
352  20  4
352  25  4
352  32  4
352  42  3
352  47  4
352  50  4
352  52  4
352  57  4
352  58  4
352  59  3
352  60  4
352  61  4
352  66  4
352  70  4
352  79  4
352  81  4
352  83  4
352  87  4
352  88  4
352  89  4
352  93  4
352  98  4
352  100  4
352  109  4
352  116  3
352  124  4
352  131  4
352  133  4
352  134  4
352  135  3
352  136  4
352  137  4
352  143  4
352  149  4
352  151  4
352  152  4
352  153  3
352  154  4
352  162  4
352  166  3
352  168  4
352  169  4
352  173  4
352  174  4
352  175  4
352  180  4
352  186  3
352  189  4
352  190  4
352  191  4
352  193  4
352  197  4
352  199  4
352  202  4
352  208  4
352  209  4
352  211  4
352  213  4
352  216  4
352  238  4
352  241  4
352  242  4
352  246  4
352  248  4
352  251  3
352  255  4
352  257  3
352  258  4
352  268  4
352  270  4
352  272  4
352  275  4
352  276  4
352  281  4
352  285  3
352  286  4
352  287  4
352  297  3
352  305  4
352  306  4
352  308  3
352  311  3
352  313  4
352  318  4
352  321  4
352  344  4
352  382  4
352  414  4
352  419  4
352  421  4
352  423  4
352  428  4
352  429  3
352  435  4
352  462  4
352  463  4
352  464  4
352  473  4
352  478  4
352  479  4
352  480  4
352  483  4
352  485  4
352  487  4
352  489  3
352  494  4
352  496  4
352  497  3
352  498  4
352  507  3
352  508  4
352  509  4
352  511  4
352  513  4
352  515  3
352  516  4
352  518  4
352  520  3
352  528  4
352  529  4
352  531  4
352  533  4
352  558  3
352  582  4
352  584  4
352  602  4
352  603  3
352  604  4
352  606  4
352  607  3
352  629  4
352  631  4
352  638  4
352  650  4
352  651  4
352  652  4
352  657  4
352  659  4
352  660  4
352  661  4
352  664  4
352  692  4
352  694  4
352  699  4
352  702  4
352  705  4
352  707  4
352  709  4
352  716  4
352  732  4
352  733  4
352  735  4
352  736  4
352  737  3
352  740  3
352  753  4
352  792  4
352  811  4
352  847  3
352  855  4
352  863  3
352  882  4
352  889  3
352  900  4
352  929  4
352  953  4
352  955  4
352  956  4
352  958  4
352  962  4
353  242  3
353  260  3
353  286  4
353  288  3
353  306  3
353  329  3
353  358  3
353  681  3
353  872  3
354  292  3
354  313  4
354  315  4
354  316  4
354  326  3
354  328  4
354  331  3
354  689  3
354  937  3
355  1  4
355  7  4
355  24  3
355  111  3
355  117  3
355  118  4
355  125  4
355  126  4
355  147  3
355  150  3
355  151  4
355  220  3
355  222  4
355  235  3
355  237  4
355  245  4
355  258  4
355  270  3
355  273  3
355  274  3
355  275  4
355  280  3
355  287  4
355  304  3
355  326  4
355  334  4
355  405  3
355  407  3
355  411  3
355  455  3
355  456  3
355  471  4
355  472  3
355  473  3
355  476  3
355  546  3
355  597  3
355  687  3
355  713  4
355  744  3
355  760  3
355  819  3
355  820  3
355  831  3
355  833  3
355  864  3
355  866  3
355  928  3
355  932  3
355  977  3
355  984  3
356  8  4
356  59  3
356  127  3
356  132  3
356  174  3
356  213  3
356  318  3
356  324  4
356  357  3
356  382  3
356  482  3
356  512  3
356  582  3
356  584  3
356  639  3
356  666  3
356  863  3
356  896  3
356  918  3
357  7  3
357  24  3
357  117  3
357  121  3
357  181  3
357  250  3
357  268  3
357  273  3
357  295  2
357  298  3
357  313  3
357  323  2
357  546  3
357  748  3
357  751  3
358  1  3
358  10  3
358  13  2
358  14  3
358  25  3
358  28  3
358  45  2
358  50  3
358  56  3
358  64  3
358  79  3
358  100  3
358  116  3
358  124  3
358  127  3
358  134  3
358  157  2
358  165  2
358  166  2
358  170  3
358  172  3
358  174  3
358  181  3
358  187  4
358  191  3
358  194  3
358  195  3
358  197  3
358  199  2
358  205  3
358  207  2
358  210  3
358  222  3
358  237  3
358  238  3
358  242  2
358  248  3
358  269  3
358  271  3
358  275  2
358  283  2
358  284  3
358  286  3
358  297  2
358  302  2
358  303  2
358  304  3
358  306  2
358  308  2
358  321  2
358  357  3
358  405  3
358  423  3
358  479  3
358  483  3
358  511  3
358  521  3
358  523  3
358  531  3
358  582  3
358  588  3
358  654  3
358  663  2
358  735  3
358  744  2
358  845  2
358  933  2
358  936  2
358  963  3
359  14  3
359  23  3
359  26  3
359  49  3
359  53  3
359  55  3
359  56  4
359  59  3
359  60  3
359  66  3
359  70  4
359  79  4
359  83  4
359  86  3
359  88  3
359  90  3
359  97  3
359  98  4
359  111  3
359  129  3
359  148  3
359  150  3
359  165  3
359  166  3
359  168  4
359  170  3
359  173  3
359  176  4
359  179  3
359  183  4
359  185  4
359  186  3
359  190  3
359  197  4
359  203  3
359  204  3
359  207  3
359  212  3
359  213  3
359  216  4
359  218  3
359  222  4
359  228  4
359  234  3
359  237  3
359  238  3
359  258  4
359  269  3
359  273  3
359  274  4
359  275  3
359  286  4
359  333  3
359  340  3
359  387  3
359  402  3
359  421  3
359  430  3
359  435  4
359  451  3
359  466  3
359  475  3
359  502  3
359  504  3
359  513  3
359  514  3
359  517  3
359  524  3
359  525  3
359  611  3
359  639  3
359  654  3
359  655  3
359  657  3
359  659  3
359  673  3
359  705  3
359  707  3
359  709  3
359  727  3
359  737  3
359  739  3
359  742  3
359  762  3
359  770  3
359  781  3
359  794  3
359  813  3
359  934  3
359  949  3
360  245  3
360  258  3
360  302  2
360  312  2
360  328  3
360  332  2
360  333  3
360  689  3
360  748  3
361  1  3
361  2  4
361  5  4
361  7  4
361  9  4
361  11  4
361  22  4
361  29  4
361  32  4
361  37  5
361  38  4
361  44  4
361  47  4
361  50  3
361  54  4
361  55  4
361  56  3
361  58  4
361  62  4
361  65  4
361  66  4
361  67  4
361  68  4
361  69  4
361  70  4
361  71  4
361  72  4
361  73  4
361  77  4
361  79  3
361  81  4
361  82  3
361  87  4
361  88  5
361  89  3
361  90  4
361  91  4
361  93  4
361  95  4
361  96  3
361  97  4
361  98  3
361  101  4
361  102  5
361  114  5
361  117  4
361  120  5
361  121  4
361  128  4
361  134  4
361  137  4
361  143  4
361  144  5
361  145  5
361  151  4
361  152  5
361  154  4
361  155  5
361  159  4
361  161  4
361  163  5
361  164  5
361  169  4
361  171  5
361  172  4
361  173  3
361  174  3
361  179  3
361  182  4
361  183  3
361  184  4
361  185  3
361  186  4
361  188  3
361  189  4
361  193  4
361  195  3
361  196  3
361  200  4
361  201  4
361  204  4
361  206  4
361  208  5
361  210  3
361  212  4
361  215  4
361  216  4
361  217  4
361  218  4
361  222  4
361  226  4
361  227  5
361  228  4
361  229  3
361  231  4
361  234  4
361  235  4
361  237  4
361  248  4
361  250  4
361  258  4
361  264  5
361  265  3
361  271  4
361  282  4
361  283  5
361  284  4
361  288  4
361  290  5
361  293  4
361  298  4
361  307  5
361  315  5
361  316  4
361  317  5
361  322  4
361  325  5
361  328  5
361  333  4
361  336  5
361  346  5
361  347  5
361  350  5
361  351  5
361  366  4
361  370  5
361  380  5
361  387  5
361  391  5
361  393  4
361  402  4
361  403  4
361  405  4
361  408  5
361  417  5
361  423  4
361  426  4
361  428  5
361  429  4
361  431  4
361  433  4
361  435  4
361  443  5
361  444  5
361  448  5
361  449  4
361  451  4
361  469  4
361  472  4
361  473  5
361  474  4
361  505  5
361  506  5
361  511  4
361  518  4
361  523  5
361  531  4
361  537  5
361  546  5
361  550  4
361  554  4
361  555  5
361  557  5
361  559  4
361  566  4
361  568  4
361  569  4
361  571  5
361  572  5
361  575  5
361  578  4
361  588  4
361  591  4
361  597  4
361  603  5
361  616  4
361  625  4
361  631  4
361  640  4
361  650  4
361  651  5
361  653  5
361  657  5
361  658  4
361  660  4
361  673  4
361  675  5
361  678  4
361  679  4
361  682  4
361  685  4
361  691  5
361  698  5
361  699  4
361  707  4
361  709  5
361  710  5
361  719  4
361  735  4
361  741  4
361  742  4
361  746  4
361  747  5
361  752  5
361  760  5
361  761  5
361  767  5
361  778  4
361  792  4
361  802  5
361  805  5
361  809  4
361  816  4
361  825  4
361  831  5
361  849  4
361  854  5
361  859  5
361  895  4
361  906  5
361  919  5
361  933  4
361  940  4
361  946  5
361  959  4
361  979  4
362  262  3
362  269  3
362  294  3
362  319  3
362  690  3
362  988  3
363  1  4
363  7  5
363  13  5
363  15  4
363  100  4
363  124  5
363  125  5
363  137  4
363  150  5
363  151  4
363  222  5
363  235  5
363  258  4
363  268  5
363  269  5
363  271  5
363  272  4
363  276  5
363  277  5
363  289  5
363  294  5
363  309  5
363  315  5
363  316  5
363  321  5
363  326  5
363  340  5
363  342  5
363  352  5
363  476  4
363  591  5
363  742  5
363  846  5
363  894  5
363  895  5
363  908  5
363  948  5
363  995  5
364  7  4
364  164  4
364  184  3
364  200  3
364  217  4
364  219  4
364  413  3
364  436  4
364  443  4
364  447  4
364  448  3
364  559  4
364  561  3
364  573  3
364  671  3
364  672  3
364  854  3
365  5  2
365  7  4
365  50  4
365  53  2
365  56  4
365  100  4
365  145  2
365  176  3
365  183  4
365  184  3
365  200  3
365  201  3
365  218  4
365  219  2
365  234  4
365  246  3
365  250  2
365  258  4
365  326  2
365  333  3
365  334  2
365  379  2
365  436  3
365  441  2
365  443  3
365  448  2
365  452  2
365  551  2
365  559  3
365  561  2
365  563  2
365  567  2
365  637  2
365  665  2
365  670  2
365  672  3
365  760  2
365  769  2
365  774  2
365  800  2
365  919  2
366  11  4
366  17  3
366  56  4
366  89  3
366  98  3
366  100  3
366  127  3
366  145  3
366  183  4
366  201  3
366  217  3
366  219  3
366  234  3
366  288  3
366  313  3
366  379  3
366  436  3
366  551  3
366  561  3
366  567  3
366  637  3
366  672  3
366  774  3
366  777  3
367  50  3
367  114  2
367  166  2
367  168  3
367  268  2
367  346  3
367  890  2
367  900  3
367  919  2
367  988  2
368  12  3
368  22  3
368  31  3
368  42  3
368  52  3
368  56  3
368  64  4
368  98  3
368  107  3
368  114  3
368  116  3
368  134  3
368  135  3
368  153  4
368  172  3
368  174  3
368  175  3
368  176  3
368  181  3
368  183  3
368  193  3
368  195  3
368  199  3
368  209  3
368  210  3
368  222  3
368  257  3
368  269  3
368  294  4
368  321  3
368  322  3
368  423  3
368  425  3
368  433  3
368  443  3
368  484  3
368  493  3
368  494  3
368  497  3
368  511  3
368  514  3
368  525  3
368  603  3
368  604  3
368  607  3
368  608  3
368  631  3
368  657  3
368  659  3
368  661  3
368  678  3
368  705  3
368  856  3
368  923  3
369  1  4
369  22  4
369  24  4
369  50  4
369  55  4
369  64  4
369  79  4
369  97  4
369  98  4
369  117  4
369  174  4
369  177  4
369  179  3
369  180  3
369  181  4
369  185  4
369  186  4
369  194  4
369  197  4
369  210  4
369  234  4
369  237  4
369  393  4
369  423  4
369  431  4
369  435  4
369  443  4
369  449  4
369  504  3
369  523  3
369  527  4
369  655  3
369  663  4
370  12  4
370  23  3
370  44  3
370  56  4
370  79  4
370  100  5
370  148  3
370  159  3
370  164  3
370  176  4
370  183  4
370  185  3
370  200  4
370  201  3
370  218  3
370  262  3
370  286  4
370  288  4
370  299  3
370  322  4
370  325  3
370  327  4
370  332  3
370  333  3
370  441  3
370  443  4
370  446  3
370  448  3
370  547  3
370  559  3
370  561  3
370  574  3
370  581  3
370  595  4
370  635  3
370  637  3
370  649  3
370  672  3
370  674  3
370  678  3
370  696  3
370  875  3
371  2  4
371  4  4
371  12  4
371  15  4
371  20  4
371  22  4
371  24  4
371  25  4
371  28  4
371  48  4
371  50  4
371  58  4
371  64  4
371  66  4
371  68  4
371  70  4
371  71  3
371  80  3
371  81  4
371  82  4
371  83  4
371  89  4
371  90  4
371  94  3
371  95  3
371  96  4
371  97  4
371  99  4
371  100  4
371  102  4
371  105  4
371  110  4
371  114  4
371  117  3
371  127  4
371  132  4
371  139  4
371  142  4
371  143  4
371  144  4
371  150  4
371  151  4
371  155  4
371  156  3
371  161  4
371  162  4
371  163  4
371  165  4
371  166  4
371  169  3
371  172  3
371  173  4
371  175  4
371  177  4
371  179  4
371  180  4
371  181  4
371  184  4
371  186  3
371  189  3
371  191  4
371  194  4
371  195  3
371  197  5
371  202  3
371  204  4
371  206  4
371  208  4
371  209  4
371  210  3
371  211  4
371  213  4
371  214  4
371  215  4
371  217  4
371  225  4
371  226  4
371  228  4
371  230  3
371  232  4
371  239  3
371  241  4
371  259  4
371  265  3
371  269  4
371  275  3
371  281  4
371  286  4
371  290  3
371  318  3
371  357  4
371  366  4
371  378  4
371  380  4
371  382  4
371  386  3
371  389  4
371  390  4
371  392  3
371  393  4
371  399  3
371  401  4
371  402  4
371  403  3
371  404  4
371  409  3
371  417  4
371  418  4
371  420  4
371  421  4
371  423  4
371  431  3
371  432  3
371  433  4
371  435  3
371  451  4
371  472  4
371  474  4
371  480  4
371  485  4
371  487  4
371  488  4
371  494  4
371  496  4
371  497  4
371  499  4
371  506  4
371  510  4
371  514  4
371  520  3
371  527  4
371  553  4
371  559  3
371  566  4
371  568  4
371  571  4
371  577  3
371  588  4
371  596  4
371  598  3
371  603  4
371  625  4
371  627  3
371  633  4
371  645  4
371  648  3
371  649  4
371  651  4
371  655  4
371  658  4
371  660  4
371  679  4
371  694  4
371  699  4
371  704  3
371  705  4
371  707  4
371  715  4
371  724  4
371  727  4
371  729  4
371  732  3
371  734  3
371  746  3
371  747  3
371  748  3
371  756  3
371  778  3
371  828  4
371  842  4
371  843  4
371  849  4
371  941  4
371  946  4
371  949  3
372  1  4
372  2  4
372  5  4
372  7  4
372  9  4
372  11  4
372  12  4
372  17  4
372  24  4
372  28  4
372  29  4
372  38  4
372  39  4
372  48  4
372  50  4
372  56  3
372  64  3
372  66  4
372  68  4
372  69  4
372  71  4
372  87  4
372  89  4
372  95  4
372  97  4
372  98  3
372  100  4
372  106  4
372  111  4
372  116  4
372  118  4
372  120  4
372  121  4
372  122  4
372  123  4
372  124  3
372  125  4
372  126  4
372  127  4
372  129  4
372  135  4
372  143  4
372  144  4
372  147  4
372  148  4
372  150  4
372  151  4
372  156  4
372  159  5
372  161  4
372  162  5
372  168  4
372  172  3
372  173  4
372  174  4
372  176  4
372  182  4
372  183  4
372  185  4
372  186  4
372  192  4
372  195  4
372  197  4
372  200  4
372  210  4
372  216  4
372  222  4
372  223  5
372  225  5
372  226  4
372  228  4
372  229  4
372  230  4
372  231  4
372  233  4
372  234  4
372  235  5
372  237  4
372  240  4
372  247  5
372  248  4
372  252  5
372  254  5
372  265  4
372  279  4
372  280  4
372  282  4
372  284  4
372  289  4
372  291  4
372  292  4
372  318  4
372  322  5
372  323  4
372  356  4
372  363  4
372  369  4
372  385  4
372  393  4
372  403  4
372  405  4
372  412  4
372  423  4
372  424  5
372  427  3
372  449  4
372  450  4
372  454  4
372  458  4
372  463  4
372  465  4
372  466  4
372  467  4
372  468  5
372  475  4
372  476  4
372  483  4
372  521  4
372  527  4
372  540  5
372  544  4
372  550  4
372  552  5
372  554  5
372  558  4
372  566  5
372  568  4
372  572  4
372  581  4
372  591  5
372  619  4
372  620  5
372  628  4
372  637  4
372  642  4
372  651  4
372  665  5
372  685  4
372  692  4
372  696  4
372  717  5
372  735  4
372  741  4
372  742  5
372  743  5
372  756  4
372  758  5
372  761  4
372  762  4
372  763  4
372  770  4
372  789  5
372  815  4
372  819  4
372  820  4
372  824  4
372  832  4
372  844  4
372  845  4
372  846  4
372  872  5
372  880  4
372  924  5
372  928  4
372  930  5
372  931  4
372  932  4
372  934  5
372  948  4
372  952  5
372  963  4
372  974  4
372  975  4
372  977  5
372  978  4
372  979  4
372  983  4
372  986  5
373  5  2
373  44  2
373  77  3
373  183  4
373  185  2
373  233  2
373  288  2
373  300  3
373  302  2
373  443  2
373  573  2
373  603  2
373  770  2
373  773  2
374  11  3
374  14  3
374  98  3
374  111  3
374  154  3
374  181  3
374  197  3
374  237  3
374  268  3
374  274  3
374  275  3
374  289  3
374  357  3
374  427  3
374  603  3
374  663  3
374  707  3
375  56  3
375  98  3
375  100  3
375  154  2
375  164  2
375  168  2
375  173  3
375  200  2
375  268  2
375  271  2
375  272  2
375  288  3
375  316  2
375  338  2
375  354  2
375  508  2
375  748  3
375  751  2
375  895  2
376  1  4
376  2  2
376  4  3
376  5  2
376  7  3
376  8  3
376  9  3
376  10  2
376  11  3
376  12  3
376  13  3
376  14  3
376  15  3
376  21  2
376  22  3
376  28  3
376  29  2
376  31  3
376  40  2
376  42  3
376  48  3
376  49  3
376  50  4
376  53  2
376  54  2
376  58  3
376  59  2
376  62  3
376  63  2
376  65  2
376  66  3
376  68  2
376  70  3
376  73  3
376  77  2
376  79  3
376  86  2
376  87  3
376  88  3
376  89  3
376  91  2
376  94  2
376  95  3
376  99  3
376  100  4
376  106  2
376  110  2
376  111  3
376  117  3
376  121  3
376  123  3
376  125  3
376  126  2
376  132  3
376  133  3
376  135  3
376  141  2
376  143  3
376  144  3
376  148  3
376  151  3
376  153  3
376  155  3
376  157  3
376  159  2
376  161  3
376  162  2
376  172  3
376  173  3
376  174  3
376  175  3
376  176  3
376  179  3
376  180  3
376  181  4
376  182  3
376  186  3
376  191  3
376  194  3
376  195  3
376  196  3
376  197  3
376  200  3
376  202  3
376  203  3
376  207  2
376  210  2
376  213  2
376  215  2
376  217  3
376  218  3
376  220  3
376  222  3
376  223  3
376  226  2
376  227  2
376  230  3
376  231  2
376  233  2
376  234  3
376  235  2
376  237  3
376  239  2
376  241  2
376  245  3
376  248  2
376  252  2
376  254  2
376  255  3
376  257  3
376  258  2
376  269  2
376  272  3
376  274  3
376  275  3
376  276  3
376  280  2
376  281  3
376  282  3
376  283  2
376  284  3
376  285  2
376  286  3
376  288  3
376  289  3
376  294  3
376  295  2
376  298  2
376  300  3
376  302  3
376  304  3
376  318  3
376  319  2
376  321  3
376  326  2
376  328  3
376  356  2
376  365  2
376  367  3
376  380  2
376  381  3
376  382  2
376  385  2
376  386  2
376  387  2
376  392  2
376  393  2
376  396  2
376  401  2
376  403  2
376  404  3
376  405  3
376  409  2
376  410  3
376  411  3
376  417  2
376  418  2
376  419  3
376  420  2
376  423  3
376  432  3
376  433  3
376  435  2
376  447  3
376  449  2
376  450  2
376  451  2
376  458  3
376  465  2
376  468  2
376  469  3
376  471  3
376  476  3
376  479  3
376  485  2
376  496  3
376  500  2
376  501  3
376  508  3
376  509  3
376  517  3
376  527  3
376  528  3
376  542  2
376  549  3
376  554  2
376  559  2
376  566  2
376  568  2
376  572  2
376  575  2
376  576  2
376  582  2
376  591  3
376  596  3
376  597  3
376  606  3
376  619  2
376  620  2
376  623  2
376  629  3
376  631  2
376  632  3
376  635  2
376  636  2
376  651  3
376  655  3
376  663  2
376  665  2
376  674  3
376  684  3
376  686  2
376  692  3
376  693  3
376  694  3
376  696  3
376  699  2
376  702  2
376  703  2
376  707  2
376  708  2
376  709  3
376  715  2
376  716  2
376  720  3
376  722  2
376  723  2
376  724  3
376  727  2
376  729  2
376  731  2
376  732  3
376  734  2
376  736  3
376  739  3
376  742  3
376  744  3
376  747  2
376  755  2
376  756  3
376  762  3
376  768  2
376  775  3
376  778  2
376  780  3
376  787  2
376  792  3
376  796  2
376  806  2
376  807  2
376  845  3
376  866  3
376  875  2
376  896  2
376  918  2
376  921  2
376  924  2
376  926  3
376  928  2
376  930  2
376  939  2
376  942  3
376  951  2
376  959  2
376  961  2
376  969  2
376  972  2
376  977  2
376  979  2
377  1  4
377  2  5
377  4  5
377  9  4
377  12  4
377  23  5
377  50  4
377  52  5
377  54  5
377  56  4
377  62  5
377  63  5
377  64  5
377  82  4
377  83  5
377  88  5
377  89  4
377  90  5
377  93  5
377  96  4
377  98  4
377  100  5
377  116  5
377  124  5
377  127  4
377  131  5
377  133  5
377  135  4
377  137  5
377  141  5
377  144  4
377  152  5
377  153  5
377  157  5
377  158  5
377  161  5
377  163  5
377  164  5
377  172  4
377  173  4
377  174  4
377  176  4
377  177  5
377  178  5
377  179  4
377  183  4
377  186  5
377  187  4
377  188  5
377  191  4
377  192  5
377  193  5
377  194  5
377  196  4
377  199  5
377  200  4
377  202  4
377  203  5
377  204  4
377  205  5
377  208  5
377  211  5
377  216  5
377  219  5
377  227  4
377  230  4
377  233  5
377  238  5
377  251  5
377  257  4
377  270  5
377  271  5
377  284  5
377  285  5
377  294  5
377  300  5
377  306  5
377  310  5
377  331  5
377  339  5
377  357  5
377  372  5
377  381  5
377  383  5
377  385  5
377  391  5
377  393  5
377  395  5
377  398  5
377  401  5
377  402  5
377  405  4
377  414  5
377  417  5
377  419  5
377  427  5
377  436  5
377  443  5
377  447  5
377  448  5
377  451  5
377  452  5
377  461  5
377  480  5
377  502  5
377  504  5
377  511  5
377  514  5
377  516  5
377  517  5
377  520  5
377  522  5
377  523  5
377  527  5
377  528  5
377  529  5
377  530  5
377  554  5
377  559  5
377  563  5
377  566  5
377  568  5
377  575  5
377  576  5
377  603  5
377  616  5
377  622  5
377  631  5
377  636  5
377  637  5
377  644  5
377  649  5
377  651  5
377  654  5
377  655  5
377  659  5
377  674  5
377  684  5
377  686  5
377  701  5
377  704  5
377  705  5
377  710  5
377  712  5
377  729  5
377  732  5
377  735  5
377  736  5
377  746  5
377  842  5
377  855  5
378  1  3
378  7  3
378  9  3
378  22  2
378  28  2
378  31  2
378  38  2
378  58  2
378  59  2
378  60  2
378  61  2
378  62  2
378  64  3
378  69  3
378  71  3
378  81  2
378  95  2
378  98  3
378  100  3
378  109  2
378  114  2
378  118  2
378  121  3
378  132  3
378  134  2
378  135  3
378  139  2
378  152  2
378  154  2
378  161  3
378  163  2
378  170  2
378  172  3
378  176  3
378  177  2
378  180  2
378  181  4
378  182  3
378  183  3
378  185  2
378  186  2
378  190  2
378  194  2
378  197  2
378  204  2
378  208  2
378  213  2
378  217  2
378  222  2
378  229  2
378  238  3
378  241  2
378  258  3
378  265  3
378  270  2
378  286  2
378  300  2
378  306  2
378  313  3
378  315  2
378  340  2
378  356  2
378  357  3
378  382  2
378  414  2
378  416  2
378  419  2
378  423  3
378  425  2
378  427  2
378  428  2
378  433  2
378  443  2
378  449  2
378  462  2
378  463  2
378  465  2
378  474  3
378  479  2
378  496  2
378  502  2
378  506  2
378  512  2
378  515  2
378  518  2
378  521  2
378  527  3
378  529  2
378  530  2
378  554  2
378  561  2
378  566  2
378  570  2
378  573  2
378  582  2
378  587  2
378  614  2
378  629  2
378  630  2
378  631  2
378  651  2
378  652  2
378  654  2
378  663  2
378  664  2
378  665  2
378  670  2
378  684  2
378  699  2
378  708  2
378  709  2
378  712  2
378  732  2
378  736  2
378  744  2
378  753  2
378  770  2
378  856  2
378  923  2
378  956  2
378  959  2
379  1  3
379  13  3
379  14  3
379  15  3
379  16  3
379  20  3
379  49  3
379  50  4
379  59  3
379  77  3
379  79  4
379  89  4
379  94  3
379  95  3
379  97  4
379  99  3
379  100  4
379  102  2
379  121  3
379  132  3
379  133  3
379  134  4
379  135  3
379  139  3
379  150  3
379  151  3
379  175  3
379  176  4
379  178  3
379  191  4
379  212  3
379  214  3
379  216  4
379  217  3
379  228  3
379  259  3
379  276  3
379  281  3
379  294  3
379  303  3
379  318  4
379  344  3
379  403  3
379  418  3
379  432  3
379  443  3
379  459  2
379  462  3
379  473  3
379  479  3
379  485  4
379  487  3
379  493  3
379  495  3
379  498  4
379  501  3
379  512  3
379  514  3
379  517  3
379  525  3
379  526  3
379  529  3
379  566  3
379  582  3
379  607  3
379  634  3
379  640  3
379  647  4
379  652  4
379  656  3
379  657  4
379  660  3
379  673  2
379  693  3
379  694  3
379  705  3
379  724  3
379  742  3
379  771  2
379  778  3
379  847  3
379  855  3
379  887  3
379  898  3
379  914  3
379  931  2
379  934  2
379  961  3
380  7  4
380  14  5
380  25  4
380  50  4
380  56  4
380  98  4
380  122  5
380  127  4
380  134  4
380  135  3
380  137  4
380  150  4
380  171  4
380  177  4
380  180  4
380  183  4
380  197  4
380  258  4
380  276  4
380  290  5
380  474  4
380  475  5
380  481  4
380  504  4
380  508  5
380  531  5
380  546  4
380  717  4
381  9  3
381  14  3
381  19  3
381  58  3
381  81  3
381  86  3
381  89  4
381  100  3
381  132  4
381  135  3
381  180  3
381  182  3
381  197  4
381  205  3
381  223  3
381  237  3
381  238  3
381  268  3
381  272  3
381  285  3
381  302  3
381  313  4
381  321  3
381  340  3
381  345  3
381  357  4
381  427  4
381  435  3
381  464  3
381  475  3
381  478  4
381  479  3
381  480  3
381  484  3
381  496  4
381  504  3
381  505  3
381  513  3
381  514  3
381  517  3
381  531  3
381  603  3
381  639  3
381  641  2
381  654  3
381  657  3
382  289  3
382  313  4
382  316  3
382  327  3
382  328  3
382  333  2
382  347  3
382  689  2
382  989  2
383  4  2
383  8  2
383  12  3
383  18  1
383  24  2
383  29  1
383  32  2
383  37  1
383  42  2
383  46  1
383  47  1
383  48  1
383  50  3
383  53  1
383  56  3
383  58  2
383  59  2
383  61  2
383  79  3
383  81  2
383  82  2
383  87  2
383  89  3
383  93  1
383  98  3
383  99  2
383  111  2
383  114  1
383  122  1
383  127  3
383  128  1
383  131  2
383  133  2
383  134  2
383  135  3
383  136  2
383  143  2
383  144  3
383  145  1
383  151  2
383  152  1
383  153  3
383  156  2
383  160  2
383  168  3
383  169  1
383  171  1
383  172  3
383  173  3
383  174  3
383  175  2
383  177  2
383  180  2
383  181  2
383  183  3
383  185  3
383  186  2
383  187  2
383  189  2
383  191  2
383  192  2
383  194  3
383  195  3
383  199  2
383  200  2
383  207  1
383  208  2
383  209  3
383  211  2
383  216  3
383  217  1
383  218  2
383  219  2
383  221  1
383  235  1
383  236  1
383  238  2
383  249  2
383  250  2
383  253  1
383  254  1
383  256  1
383  257  2
383  262  1
383  273  2
383  276  2
383  283  2
383  285  1
383  286  2
383  290  1
383  293  1
383  304  1
383  305  1
383  318  2
383  320  1
383  325  1
383  337  1
383  340  2
383  346  1
383  347  2
383  367  2
383  383  1
383  384  1
383  385  2
383  403  2
383  408  2
383  417  1
383  419  1
383  423  3
383  425  2
383  427  3
383  428  2
383  429  2
383  430  2
383  433  2
383  435  2
383  443  2
383  444  1
383  447  2
383  455  1
383  458  1
383  461  1
383  462  2
383  473  1
383  474  3
383  479  2
383  480  2
383  482  2
383  483  2
383  485  2
383  486  1
383  487  2
383  489  2
383  492  1
383  496  2
383  498  2
383  503  1
383  506  2
383  507  2
383  508  2
383  511  2
383  512  1
383  520  2
383  523  2
383  524  2
383  525  2
383  526  2
383  529  2
383  557  1
383  604  1
383  606  2
383  616  1
383  629  2
383  631  1
383  650  2
383  652  2
383  654  2
383  657  2
383  658  1
383  659  1
383  661  2
383  663  2
383  664  1
383  673  1
383  674  1
383  675  1
383  705  2
383  719  1
383  727  1
383  732  2
383  739  2
383  745  1
383  767  1
383  794  1
383  811  1
383  851  1
383  855  1
383  865  1
383  871  1
383  896  1
383  900  1
383  919  1
383  922  1
383  940  1
383  942  1
383  945  1
383  959  1
383  961  1
383  965  1
384  7  3
384  50  4
384  117  3
384  121  4
384  127  3
384  405  4
384  515  3
384  546  3
384  685  4
384  982  4
385  2  2
385  4  2
385  7  3
385  8  2
385  10  2
385  11  2
385  13  2
385  20  2
385  22  3
385  23  2
385  24  2
385  27  2
385  31  2
385  32  2
385  33  2
385  39  2
385  46  2
385  47  2
385  48  2
385  50  3
385  52  2
385  55  2
385  56  3
385  58  2
385  61  2
385  62  2
385  64  3
385  68  2
385  69  3
385  71  2
385  76  2
385  79  3
385  81  2
385  82  3
385  83  2
385  89  3
385  91  2
385  92  2
385  93  2
385  96  3
385  97  2
385  98  3
385  99  2
385  101  2
385  102  2
385  107  2
385  113  2
385  114  2
385  116  2
385  117  3
385  121  3
385  123  2
385  127  2
385  129  2
385  133  2
385  135  2
385  136  2
385  144  2
385  147  2
385  151  3
385  152  2
385  156  2
385  161  2
385  168  2
385  169  2
385  176  3
385  180  2
385  181  2
385  182  2
385  183  3
385  184  2
385  186  2
385  187  2
385  189  2
385  190  2
385  192  2
385  193  2
385  195  3
385  196  3
385  197  2
385  198  2
385  199  2
385  200  2
385  201  2
385  202  3
385  203  2
385  205  2
385  206  2
385  208  2
385  209  3
385  210  3
385  211  2
385  215  2
385  217  2
385  218  2
385  219  2
385  222  3
385  223  2
385  224  2
385  226  2
385  227  2
385  228  2
385  229  2
385  230  2
385  231  2
385  233  2
385  238  2
385  241  2
385  246  2
385  250  2
385  258  2
385  265  3
385  273  3
385  277  2
385  288  2
385  289  2
385  293  2
385  294  2
385  295  2
385  298  2
385  317  2
385  318  3
385  319  2
385  320  2
385  321  2
385  325  2
385  333  2
385  357  2
385  380  2
385  381  2
385  385  2
385  393  2
385  403  2
385  410  3
385  414  2
385  418  2
385  423  3
385  428  2
385  429  2
385  430  2
385  431  2
385  432  2
385  434  2
385  435  2
385  436  2
385  441  2
385  444  2
385  446  2
385  447  2
385  448  2
385  455  2
385  458  2
385  461  2
385  463  2
385  470  2
385  473  2
385  474  2
385  477  2
385  488  2
385  496  3
385  501  2
385  508  2
385  511  2
385  514  2
385  520  2
385  526  2
385  528  3
385  532  2
385  547  2
385  549  2
385  559  2
385  561  2
385  564  2
385  566  2
385  569  2
385  578  2
385  580  2
385  582  2
385  583  2
385  593  2
385  603  2
385  625  2
385  642  2
385  650  2
385  651  2
385  659  2
385  663  2
385  672  2
385  674  2
385  678  2
385  679  2
385  684  2
385  692  2
385  693  2
385  697  2
385  715  2
385  732  2
385  735  2
385  737  2
385  744  2
385  746  2
385  768  2
385  772  2
385  773  2
385  774  2
385  789  2
385  790  2
385  806  2
385  844  2
385  845  2
385  856  2
385  919  2
385  942  2
385  943  2
385  952  2
385  969  2
385  972  2
385  984  2
386  1  4
386  9  4
386  100  3
386  111  4
386  117  4
386  147  4
386  184  4
386  237  4
386  258  4
386  259  5
386  266  5
386  288  4
386  298  5
386  300  5
386  302  5
386  307  5
386  310  5
386  313  5
386  315  5
386  323  5
386  326  6
386  559  4
386  596  5
386  628  5
386  678  5
386  680  5
386  690  5
386  742  4
386  769  5
386  773  5
386  845  4
386  871  5
387  4  2
387  8  1
387  23  2
387  25  2
387  28  1
387  29  1
387  38  1
387  40  1
387  42  1
387  47  1
387  50  2
387  53  1
387  56  3
387  58  1
387  59  1
387  64  2
387  65  1
387  66  1
387  69  3
387  71  2
387  72  2
387  77  2
387  79  2
387  80  1
387  82  2
387  88  2
387  90  1
387  94  2
387  95  2
387  98  3
387  99  1
387  100  2
387  105  1
387  109  1
387  111  2
387  118  2
387  124  1
387  127  2
387  131  1
387  132  2
387  136  1
387  142  1
387  151  1
387  152  1
387  153  3
387  154  2
387  160  1
387  167  1
387  168  3
387  172  2
387  173  2
387  174  2
387  176  2
387  178  2
387  179  2
387  181  2
387  185  2
387  186  2
387  191  2
387  194  3
387  197  2
387  202  2
387  205  1
387  208  2
387  210  2
387  211  2
387  216  3
387  217  1
387  234  2
387  238  2
387  249  1
387  275  1
387  283  1
387  285  1
387  300  1
387  301  1
387  346  1
387  378  1
387  383  1
387  396  1
387  401  1
387  402  2
387  404  1
387  407  1
387  410  1
387  411  1
387  414  1
387  416  1
387  420  1
387  423  2
387  427  1
387  428  1
387  435  2
387  451  2
387  454  1
387  467  1
387  471  1
387  475  1
387  477  1
387  478  1
387  479  1
387  480  1
387  481  1
387  483  2
387  484  1
387  490  1
387  491  1
387  492  1
387  493  1
387  496  1
387  497  1
387  498  1
387  499  1
387  501  1
387  502  1
387  503  1
387  504  2
387  506  1
387  507  1
387  509  1
387  510  2
387  514  1
387  517  1
387  518  1
387  519  1
387  520  1
387  525  1
387  526  1
387  527  2
387  531  1
387  550  1
387  558  1
387  568  2
387  583  1
387  584  1
387  588  1
387  591  1
387  602  1
387  604  1
387  605  1
387  607  1
387  610  1
387  612  1
387  613  1
387  615  1
387  616  1
387  630  1
387  631  1
387  642  1
387  649  1
387  656  1
387  657  1
387  661  1
387  662  1
387  671  1
387  674  1
387  693  1
387  699  1
387  700  1
387  705  1
387  712  1
387  715  1
387  731  1
387  732  2
387  736  2
387  739  1
387  756  1
387  778  1
387  780  1
387  785  1
387  792  1
387  820  1
387  835  1
387  836  1
387  845  1
387  847  1
387  923  1
387  926  1
387  942  1
387  945  1
387  954  1
387  955  1
387  965  1
387  997  1
388  1  4
388  13  5
388  100  5
388  126  5
388  258  4
388  277  5
388  283  5
388  286  5
388  289  5
388  329  5
388  331  5
388  713  5
388  740  5
388  742  5
388  845  5
388  989  5
389  9  3
389  11  3
389  12  3
389  15  2
389  22  2
389  26  2
389  31  2
389  47  2
389  48  2
389  56  4
389  58  2
389  59  2
389  61  2
389  64  3
389  69  2
389  71  2
389  76  1
389  89  3
389  97  2
389  100  3
389  127  2
389  132  2
389  134  2
389  173  2
389  174  2
389  180  2
389  182  3
389  188  2
389  191  2
389  195  2
389  197  2
389  200  2
389  203  2
389  204  2
389  213  2
389  215  2
389  222  3
389  234  2
389  237  3
389  238  3
389  258  3
389  264  2
389  276  2
389  282  2
389  286  2
389  288  3
389  294  2
389  300  3
389  318  2
389  334  2
389  357  2
389  421  2
389  458  2
389  460  1
389  462  2
389  471  2
389  474  2
389  479  2
389  480  2
389  482  2
389  483  2
389  490  2
389  491  2
389  497  2
389  498  2
389  507  2
389  508  2
389  510  2
389  511  2
389  527  2
389  544  2
389  546  2
389  603  2
389  604  2
389  628  2
389  646  2
389  659  2
389  661  2
389  748  2
389  774  1
389  924  2
389  963  2
390  8  3
390  23  2
390  50  3
390  58  3
390  59  2
390  98  3
390  99  3
390  114  2
390  127  3
390  129  2
390  134  2
390  165  2
390  166  2
390  169  2
390  170  2
390  172  3
390  173  3
390  178  2
390  179  3
390  180  3
390  181  4
390  189  2
390  197  3
390  199  3
390  200  3
390  244  2
390  246  2
390  248  2
390  250  3
390  255  3
390  257  3
390  258  3
390  268  3
390  270  2
390  271  2
390  272  2
390  276  3
390  285  2
390  286  3
390  288  3
390  293  2
390  294  3
390  297  2
390  298  3
390  300  3
390  302  3
390  303  2
390  304  2
390  310  2
390  312  2
390  313  3
390  319  2
390  321  2
390  323  2
390  324  2
390  325  2
390  328  2
390  333  2
390  340  3
390  344  2
390  345  2
390  346  2
390  347  2
390  463  2
390  482  2
390  488  2
390  491  2
390  493  2
390  511  3
390  534  2
390  538  2
390  615  2
390  632  2
390  650  2
390  663  3
390  705  2
390  813  2
390  880  2
391  2  5
391  3  5
391  4  5
391  5  5
391  7  5
391  11  5
391  12  3
391  15  2
391  17  5
391  21  5
391  22  5
391  24  5
391  25  4
391  26  4
391  27  5
391  28  5
391  29  5
391  31  5
391  36  5
391  38  5
391  40  4
391  42  5
391  48  5
391  49  4
391  50  5
391  51  4
391  54  4
391  55  5
391  56  4
391  58  5
391  62  6
391  64  4
391  65  4
391  67  5
391  68  5
391  69  3
391  70  3
391  71  4
391  72  5
391  73  5
391  78  5
391  79  4
391  81  4
391  83  5
391  84  5
391  86  3
391  87  5
391  88  5
391  89  5
391  90  5
391  94  5
391  95  4
391  99  5
391  100  4
391  105  5
391  108  5
391  109  5
391  110  5
391  111  4
391  117  4
391  118  4
391  122  5
391  123  4
391  126  4
391  128  5
391  132  4
391  135  5
391  136  4
391  138  5
391  139  5
391  142  5
391  144  6
391  147  4
391  148  5
391  153  5
391  154  5
391  161  5
391  168  4
391  172  4
391  173  4
391  181  4
391  184  5
391  186  4
391  189  4
391  191  4
391  194  4
391  196  4
391  202  5
391  203  4
391  204  4
391  206  5
391  215  4
391  222  4
391  223  5
391  227  4
391  228  5
391  233  5
391  237  4
391  239  5
391  240  5
391  241  4
391  243  5
391  245  5
391  252  4
391  255  4
391  257  5
391  258  4
391  265  5
391  270  5
391  271  5
391  273  6
391  274  5
391  275  4
391  278  4
391  280  4
391  281  6
391  283  4
391  290  4
391  291  4
391  294  5
391  298  5
391  303  6
391  313  5
391  316  5
391  317  5
391  318  3
391  321  5
391  323  5
391  328  5
391  333  5
391  338  5
391  342  5
391  344  5
391  347  5
391  349  5
391  354  5
391  355  5
391  356  5
391  357  4
391  362  5
391  363  5
391  364  5
391  365  5
391  366  5
391  369  5
391  373  5
391  374  5
391  376  5
391  377  5
391  378  5
391  380  5
391  385  5
391  386  5
391  391  5
391  393  4
391  394  5
391  396  5
391  402  3
391  403  4
391  404  5
391  405  4
391  409  5
391  410  6
391  412  5
391  415  5
391  417  5
391  418  5
391  419  5
391  420  5
391  421  5
391  423  4
391  431  5
391  443  5
391  456  5
391  459  5
391  463  5
391  465  5
391  470  5
391  471  5
391  472  6
391  473  5
391  476  4
391  477  6
391  479  4
391  480  4
391  494  5
391  496  4
391  497  4
391  501  5
391  527  5
391  538  5
391  539  5
391  540  5
391  544  5
391  546  5
391  550  5
391  552  5
391  553  5
391  554  6
391  559  5
391  566  5
391  568  5
391  569  5
391  571  5
391  578  6
391  588  5
391  591  5
391  596  5
391  597  4
391  620  5
391  622  5
391  623  5
391  628  5
391  630  5
391  633  5
391  636  5
391  644  5
391  651  5
391  655  5
391  659  4
391  681  5
391  683  5
391  685  6
391  686  5
391  687  5
391  690  5
391  692  5
391  696  5
391  705  5
391  710  5
391  715  5
391  717  5
391  721  5
391  725  5
391  727  5
391  728  5
391  731  5
391  737  5
391  739  4
391  742  4
391  747  4
391  751  5
391  755  5
391  756  5
391  761  5
391  763  5
391  771  5
391  775  5
391  778  5
391  779  5
391  780  6
391  783  6
391  789  6
391  792  5
391  794  5
391  797  5
391  802  6
391  805  5
391  808  6
391  810  6
391  812  5
391  815  5
391  821  5
391  824  6
391  825  5
391  826  5
391  831  5
391  836  5
391  840  5
391  841  5
391  842  5
391  843  5
391  845  4
391  870  5
391  871  5
391  876  5
391  879  5
391  890  5
391  905  5
391  922  5
391  924  5
391  926  5
391  929  5
391  930  5
391  932  5
391  939  5
391  944  5
391  949  5
391  951  5
391  953  4
391  964  5
391  977  5
391  996  5
391  997  5
391  999  5
391  1000  5
392  4  4
392  7  4
392  22  3
392  28  3
392  31  3
392  38  3
392  39  4
392  42  4
392  50  3
392  56  3
392  63  4
392  67  4
392  68  4
392  72  4
392  73  3
392  79  3
392  84  3
392  88  4
392  96  4
392  97  3
392  98  4
392  101  4
392  117  3
392  121  3
392  128  4
392  132  4
392  144  4
392  154  4
392  156  4
392  158  3
392  161  3
392  164  4
392  172  3
392  174  4
392  179  4
392  184  4
392  186  4
392  195  4
392  208  4
392  210  3
392  217  3
392  222  4
392  226  3
392  228  4
392  229  4
392  230  4
392  232  3
392  233  4
392  238  3
392  250  3
392  257  4
392  265  4
392  282  3
392  288  3
392  313  4
392  364  4
392  383  4
392  385  4
392  386  4
392  391  4
392  402  3
392  411  4
392  416  3
392  419  4
392  423  3
392  433  3
392  449  4
392  450  3
392  455  4
392  496  4
392  508  3
392  540  3
392  541  4
392  550  3
392  552  4
392  554  4
392  561  4
392  568  4
392  578  4
392  597  3
392  655  3
392  665  4
392  679  4
392  739  3
392  746  4
392  763  3
392  771  4
392  773  4
392  780  4
392  797  4
392  979  3
393  1  4
393  15  3
393  50  4
393  89  3
393  97  2
393  98  3
393  100  3
393  121  4
393  151  3
393  172  3
393  174  3
393  196  3
393  210  3
393  216  3
393  231  2
393  240  2
393  252  2
393  255  2
393  257  3
393  273  2
393  313  3
393  315  2
393  328  2
393  338  1
393  343  2
393  365  1
393  378  2
393  458  2
393  472  2
393  632  2
393  892  2
393  924  2
394  1  3
394  25  3
394  100  4
394  106  2
394  117  3
394  121  2
394  148  2
394  222  3
394  237  3
394  245  3
394  260  2
394  274  2
394  288  3
394  291  2
394  300  2
394  322  2
394  328  2
394  329  2
394  333  2
394  405  2
394  455  2
394  546  3
394  591  2
394  595  2
394  742  2
394  751  2
394  829  2
394  840  2
394  841  2
394  871  2
394  986  2
395  7  3
395  8  3
395  22  3
395  23  3
395  50  3
395  56  3
395  95  3
395  100  4
395  108  3
395  109  3
395  127  4
395  134  3
395  156  3
395  171  3
395  172  3
395  174  3
395  177  3
395  178  3
395  181  3
395  183  3
395  194  3
395  195  3
395  197  3
395  199  3
395  210  2
395  221  3
395  261  3
395  268  3
395  273  3
395  286  4
395  288  3
395  313  4
395  318  3
395  322  3
395  325  3
395  327  3
395  332  3
395  340  3
395  345  3
395  346  3
395  390  3
395  423  3
395  435  3
395  457  3
395  475  3
395  479  3
395  483  3
395  498  3
395  504  3
395  513  3
395  588  3
395  611  3
395  615  3
395  641  3
395  680  3
395  688  3
395  705  3
395  748  3
395  751  3
395  853  3
395  855  3
395  878  3
395  894  3
395  988  3
395  989  3
395  991  3
396  2  1
396  4  2
396  12  2
396  13  2
396  15  3
396  31  2
396  49  1
396  50  3
396  56  3
396  58  2
396  63  2
396  64  2
396  65  1
396  66  1
396  69  2
396  70  2
396  72  1
396  73  2
396  82  2
396  85  1
396  87  2
396  88  2
396  94  2
396  95  2
396  117  2
396  124  2
396  125  2
396  126  2
396  127  2
396  132  2
396  134  2
396  144  2
396  152  1
396  154  2
396  158  1
396  159  1
396  162  1
396  163  1
396  167  1
396  168  2
396  172  2
396  174  3
396  176  2
396  178  2
396  181  3
396  182  2
396  183  2
396  186  2
396  191  2
396  194  2
396  196  2
396  197  2
396  199  2
396  204  2
396  205  1
396  211  2
396  216  2
396  227  1
396  228  2
396  229  2
396  230  2
396  239  1
396  274  2
396  276  2
396  357  2
396  385  2
396  393  2
396  399  1
396  403  2
396  417  1
396  423  2
396  429  1
396  430  2
396  432  2
396  435  2
396  474  2
396  476  2
396  479  2
396  480  1
396  481  1
396  485  1
396  491  2
396  493  1
396  494  1
396  495  1
396  496  2
396  497  2
396  498  2
396  501  2
396  502  1
396  504  1
396  510  2
396  514  2
396  519  2
396  520  1
396  521  2
396  523  2
396  525  1
396  588  2
396  589  1
396  591  2
396  602  1
396  604  2
396  648  1
396  654  2
396  659  2
396  661  1
396  663  1
396  692  2
396  700  1
396  710  1
396  715  1
396  732  2
396  735  2
396  737  1
396  756  2
396  796  1
396  953  1
396  969  1
396  991  1
396  993  1
397  2  4
397  5  4
397  8  4
397  9  4
397  12  4
397  15  4
397  22  4
397  26  4
397  31  4
397  33  4
397  38  4
397  41  4
397  43  4
397  48  4
397  50  3
397  53  4
397  55  4
397  56  3
397  57  4
397  58  4
397  62  4
397  63  4
397  64  3
397  66  4
397  67  4
397  68  4
397  69  4
397  71  4
397  72  4
397  73  4
397  77  4
397  79  4
397  80  4
397  84  4
397  91  4
397  93  3
397  94  4
397  95  4
397  97  4
397  98  4
397  99  4
397  102  4
397  110  4
397  114  4
397  117  3
397  118  4
397  121  4
397  127  4
397  128  4
397  132  4
397  140  4
397  143  4
397  144  4
397  147  4
397  148  4
397  153  4
397  154  3
397  155  4
397  156  4
397  157  4
397  161  4
397  164  4
397  168  4
397  172  4
397  173  4
397  174  4
397  175  4
397  179  3
397  180  3
397  181  4
397  186  4
397  187  4
397  188  4
397  195  4
397  196  4
397  203  4
397  204  4
397  210  4
397  214  4
397  215  4
397  219  4
397  223  4
397  226  4
397  227  4
397  228  5
397  229  4
397  230  4
397  233  4
397  234  3
397  237  3
397  238  4
397  239  4
397  241  4
397  264  4
397  265  4
397  273  4
397  274  4
397  276  3
397  282  4
397  284  4
397  288  4
397  291  5
397  295  4
397  301  4
397  307  4
397  318  4
397  323  4
397  332  4
397  338  4
397  340  4
397  372  4
397  378  4
397  380  4
397  382  4
397  383  4
397  384  4
397  385  4
397  386  4
397  388  4
397  389  4
397  393  4
397  395  4
397  399  4
397  400  4
397  401  4
397  402  4
397  403  4
397  405  4
397  407  4
397  412  4
397  413  4
397  418  4
397  420  4
397  423  4
397  431  4
397  432  3
397  436  4
397  450  4
397  451  4
397  452  4
397  454  4
397  455  4
397  459  4
397  471  3
397  475  4
397  486  4
397  496  4
397  501  4
397  506  4
397  508  3
397  527  4
397  531  4
397  542  4
397  543  4
397  544  4
397  546  4
397  549  4
397  550  4
397  551  4
397  554  4
397  559  4
397  564  4
397  566  4
397  568  4
397  575  4
397  578  4
397  582  4
397  587  4
397  588  4
397  591  4
397  597  4
397  616  4
397  622  4
397  628  4
397  651  4
397  655  4
397  660  4
397  673  4
397  679  4
397  684  4
397  697  4
397  710  4
397  720  4
397  722  4
397  727  4
397  732  4
397  735  4
397  738  4
397  742  4
397  744  4
397  746  4
397  747  4
397  754  4
397  755  4
397  760  4
397  763  4
397  768  4
397  769  4
397  772  4
397  774  4
397  779  4
397  781  4
397  806  4
397  809  4
397  813  4
397  817  4
397  824  4
397  825  4
397  826  4
397  845  4
397  924  4
397  926  4
397  928  4
397  941  4
397  946  4
397  959  4
397  969  4
397  975  4
397  977  4
397  986  4
398  286  3
398  288  3
398  294  2
398  300  3
398  306  2
398  307  2
398  323  2
398  689  2
398  895  2
399  1  2
399  9  2
399  11  2
399  13  2
399  14  2
399  25  2
399  26  2
399  44  2
399  50  2
399  64  2
399  65  2
399  69  2
399  70  2
399  71  2
399  83  2
399  100  3
399  111  2
399  117  3
399  121  3
399  127  2
399  133  2
399  135  2
399  137  2
399  143  2
399  144  2
399  151  3
399  153  3
399  154  2
399  157  2
399  161  2
399  162  3
399  168  2
399  172  2
399  173  2
399  174  3
399  181  2
399  194  2
399  196  2
399  197  2
399  198  2
399  199  3
399  202  2
399  204  2
399  210  2
399  225  2
399  235  2
399  237  2
399  257  2
399  272  2
399  273  2
399  275  2
399  276  2
399  280  2
399  282  2
399  284  2
399  302  3
399  312  2
399  315  2
399  316  2
399  318  2
399  321  2
399  322  2
399  328  2
399  342  2
399  356  2
399  357  2
399  365  2
399  371  2
399  385  2
399  404  2
399  430  2
399  435  2
399  451  2
399  462  2
399  471  2
399  473  3
399  477  2
399  478  2
399  481  2
399  483  3
399  484  2
399  485  2
399  493  2
399  499  2
399  501  2
399  508  2
399  509  3
399  511  2
399  515  2
399  519  3
399  520  2
399  527  2
399  528  3
399  535  2
399  553  2
399  566  2
399  582  2
399  603  2
399  604  2
399  609  2
399  630  2
399  632  2
399  638  2
399  651  2
399  654  2
399  655  2
399  661  2
399  684  2
399  707  2
399  724  2
399  735  2
399  748  2
399  866  2
399  892  2
400  1  5
400  7  5
400  9  5
400  10  5
400  12  5
400  13  5
400  16  5
400  32  5
400  48  5
400  111  5
400  116  5
400  117  5
400  124  5
400  126  5
400  127  4
400  135  5
400  182  5
400  204  5
400  222  4
400  234  5
400  235  5
400  237  5
400  245  5
400  255  5
400  257  4
400  258  5
400  273  5
400  276  4
400  286  5
400  455  5
400  475  4
400  476  5
400  479  5
400  483  5
400  511  5
400  529  5
400  591  5
400  628  5
400  696  5
400  764  5
400  864  5
