201  1  5
201  237  5
201  268  5
201  283  6
201  291  6
201  306  5
201  740  6
201  934  6
202  288  3
202  294  3
202  330  2
202  358  2
202  682  2
202  872  2
202  880  3
202  887  2
202  895  2
203  7  4
203  9  4
203  100  4
203  106  4
203  111  4
203  117  4
203  118  4
203  121  4
203  123  4
203  129  4
203  148  4
203  181  4
203  235  4
203  240  4
203  258  4
203  276  5
203  284  4
203  288  4
203  291  4
203  370  4
203  410  4
203  472  4
203  477  4
203  515  4
203  546  4
203  597  5
203  748  4
203  845  4
203  864  4
203  866  4
203  925  4
203  928  4
204  22  2
204  66  3
204  243  2
204  245  3
204  258  3
204  269  3
204  270  2
204  294  3
204  300  3
204  307  3
204  310  3
204  323  3
204  327  2
204  328  3
204  331  2
204  332  2
204  333  3
204  342  2
204  343  2
204  348  2
204  678  3
204  683  2
204  687  2
204  690  3
204  739  2
204  748  3
204  754  2
204  879  2
204  892  2
204  901  2
205  2  1
205  5  1
205  8  1
205  11  1
205  12  1
205  22  1
205  23  1
205  28  1
205  29  1
205  30  1
205  31  1
205  32  1
205  33  2
205  37  1
205  38  1
205  39  1
205  40  1
205  41  1
205  42  2
205  43  1
205  45  1
205  47  2
205  48  1
205  49  1
205  50  1
205  51  1
205  52  2
205  53  1
205  55  1
205  56  2
205  57  1
205  58  1
205  60  1
205  61  1
205  62  1
205  63  1
205  64  2
205  66  1
205  67  1
205  68  1
205  70  1
205  71  1
205  72  2
205  73  1
205  75  1
205  76  1
205  77  1
205  78  1
205  80  1
205  81  2
205  82  1
205  83  2
205  85  1
205  87  1
205  88  1
205  90  1
205  91  1
205  92  1
205  94  1
205  96  1
205  97  3
205  98  1
205  101  1
205  102  1
205  127  2
205  132  1
205  135  1
205  139  1
205  141  2
205  142  1
205  143  1
205  149  1
205  161  1
205  168  1
205  169  1
205  171  2
205  172  1
205  173  1
205  175  2
205  178  2
205  179  1
205  180  1
205  183  1
205  184  1
205  185  3
205  186  2
205  188  1
205  189  1
205  190  2
205  191  1
205  192  1
205  193  3
205  195  1
205  197  1
205  198  2
205  199  2
205  200  1
205  201  1
205  202  2
205  204  1
205  206  1
205  207  1
205  208  1
205  210  1
205  211  1
205  212  2
205  214  1
205  215  1
205  216  1
205  217  1
205  218  1
205  219  1
205  226  2
205  227  1
205  228  1
205  229  1
205  230  1
205  231  1
205  232  1
205  233  1
205  234  2
205  238  2
205  239  1
205  265  1
205  288  1
205  302  1
205  308  1
205  317  2
205  318  1
205  347  2
205  350  1
205  351  1
205  356  2
205  361  1
205  364  1
205  365  1
205  366  1
205  367  1
205  371  1
205  374  1
205  376  1
205  377  1
205  379  1
205  383  1
205  384  1
205  386  1
205  387  3
205  388  1
205  391  1
205  393  1
205  395  1
205  396  1
205  397  1
205  399  1
205  400  1
205  402  3
205  403  1
205  404  1
205  414  1
205  415  1
205  416  1
205  417  1
205  419  1
205  420  2
205  421  1
205  422  1
205  423  1
205  426  1
205  427  1
205  430  3
205  431  1
205  432  1
205  433  2
205  434  1
205  437  1
205  438  1
205  439  1
205  440  1
205  441  1
205  442  1
205  444  2
205  446  1
205  447  1
205  448  1
205  449  1
205  450  1
205  451  1
205  452  2
205  453  1
205  461  1
205  462  2
205  463  1
205  464  1
205  465  1
205  467  1
205  469  1
205  470  1
205  480  3
205  482  2
205  501  3
205  504  1
205  509  1
205  510  1
205  511  1
205  515  2
205  516  1
205  517  1
205  518  1
205  519  3
205  520  2
205  521  1
205  522  1
205  523  2
205  524  1
205  525  1
205  526  2
205  527  2
205  528  2
205  529  2
205  530  2
205  536  1
205  537  1
205  540  1
205  541  1
205  543  1
205  545  1
205  548  2
205  549  1
205  551  1
205  552  1
205  553  1
205  554  1
205  555  1
205  556  1
205  557  1
205  558  1
205  559  1
205  560  1
205  561  1
205  562  1
205  563  1
205  564  1
205  565  1
205  566  1
205  567  1
205  568  2
205  569  1
205  570  1
205  573  2
205  574  1
205  575  1
205  577  1
205  578  1
205  579  1
205  580  1
205  581  1
205  583  1
205  584  1
205  585  1
205  586  1
205  588  1
205  592  1
205  593  1
205  603  2
205  606  2
205  622  1
205  623  1
205  624  2
205  625  1
205  626  1
205  627  1
205  639  1
205  643  1
205  644  2
205  645  1
205  647  2
205  648  2
205  649  1
205  650  2
205  651  3
205  652  3
205  653  1
205  654  2
205  655  1
205  656  1
205  659  3
205  662  3
205  664  1
205  666  1
205  667  1
205  669  1
205  670  2
205  671  1
205  673  1
205  674  1
205  675  2
205  679  2
205  684  1
205  692  1
205  693  1
205  694  1
205  695  1
205  697  1
205  699  2
205  700  1
205  702  1
205  707  1
205  708  1
205  710  1
205  712  1
205  714  1
205  715  1
205  719  1
205  720  1
205  721  1
205  722  1
205  723  1
205  726  1
205  727  1
205  728  1
205  729  1
205  731  1
205  732  2
205  734  1
205  736  1
205  739  2
205  745  1
205  746  1
205  747  1
205  753  1
205  755  1
205  759  1
205  761  1
205  765  1
205  768  1
205  769  1
205  770  1
205  771  1
205  772  1
205  773  1
205  774  1
205  775  1
205  776  1
205  777  1
205  778  1
205  780  1
205  782  1
205  783  1
205  784  1
205  785  1
205  786  1
205  787  1
205  788  1
205  789  1
205  790  1
205  791  1
205  793  1
205  794  1
205  795  1
205  796  1
205  798  1
205  802  1
205  807  1
205  808  1
205  810  1
205  812  1
205  816  1
205  842  1
205  843  1
205  849  1
205  851  1
205  853  1
205  854  1
205  855  1
205  858  1
205  859  1
205  860  1
205  861  1
205  904  1
205  921  1
205  939  1
205  941  1
205  943  1
205  944  1
205  946  1
205  947  1
205  949  1
205  951  1
205  953  1
205  955  1
205  956  1
205  957  1
205  959  1
205  960  1
205  964  1
205  969  1
205  971  1
205  994  1
205  996  1
205  997  1
205  999  1
206  1  4
206  3  3
206  4  4
206  5  5
206  7  3
206  8  4
206  10  3
206  11  3
206  12  4
206  13  4
206  14  3
206  15  3
206  20  4
206  22  3
206  24  5
206  25  3
206  28  4
206  30  4
206  39  4
206  40  5
206  42  6
206  47  4
206  48  4
206  50  5
206  52  3
206  53  4
206  58  3
206  63  4
206  64  3
206  69  2
206  71  3
206  72  4
206  79  4
206  85  4
206  86  4
206  87  4
206  89  4
206  92  4
206  93  4
206  96  3
206  99  4
206  115  4
206  117  4
206  121  4
206  123  4
206  125  4
206  127  2
206  129  5
206  131  3
206  132  3
206  133  3
206  134  4
206  135  3
206  136  3
206  143  4
206  148  4
206  151  3
206  152  5
206  153  4
206  156  4
206  158  4
206  164  6
206  168  3
206  170  3
206  172  4
206  173  3
206  174  3
206  175  2
206  179  3
206  181  3
206  182  4
206  183  3
206  186  3
206  187  2
206  188  2
206  190  3
206  191  3
206  194  4
206  195  3
206  196  3
206  198  3
206  199  2
206  202  3
206  203  3
206  204  4
206  206  4
206  209  3
206  211  3
206  212  3
206  213  4
206  215  3
206  218  4
206  219  6
206  220  4
206  222  5
206  228  3
206  234  5
206  235  4
206  237  3
206  238  3
206  239  4
206  240  4
206  274  4
206  275  4
206  276  4
206  277  3
206  284  3
206  289  5
206  317  5
206  318  3
206  357  3
206  368  4
206  381  2
206  396  6
206  404  3
206  405  4
206  410  4
206  411  5
206  414  5
206  418  4
206  419  3
206  420  4
206  421  4
206  427  4
206  428  5
206  429  3
206  431  4
206  434  3
206  435  4
206  443  4
206  447  4
206  451  3
206  452  5
206  461  4
206  463  4
206  468  4
206  469  4
206  474  3
206  476  4
206  478  4
206  479  3
206  480  3
206  481  4
206  482  4
206  485  3
206  487  4
206  488  4
206  490  3
206  496  3
206  498  3
206  499  4
206  501  4
206  503  3
206  504  4
206  505  4
206  507  4
206  508  4
206  509  3
206  511  3
206  514  3
206  515  3
206  517  5
206  519  4
206  523  3
206  524  4
206  526  4
206  527  3
206  528  4
206  529  4
206  543  4
206  559  3
206  561  5
206  573  4
206  575  4
206  582  3
206  588  3
206  589  4
206  591  4
206  596  5
206  605  4
206  606  4
206  607  4
206  608  4
206  610  4
206  611  4
206  612  4
206  624  4
206  632  4
206  633  3
206  634  4
206  638  4
206  639  4
206  640  3
206  641  4
206  642  4
206  645  4
206  647  3
206  651  3
206  652  4
206  655  4
206  662  3
206  663  4
206  664  3
206  665  5
206  672  4
206  675  4
206  692  4
206  693  4
206  699  3
206  701  4
206  705  2
206  712  4
206  713  3
206  715  4
206  727  5
206  732  4
206  735  4
206  737  4
206  745  4
206  746  3
206  747  4
206  756  4
206  769  4
206  772  4
206  787  4
206  813  4
206  823  4
206  825  4
206  826  4
206  831  5
206  845  4
206  919  3
206  921  4
206  923  4
206  942  4
206  945  4
206  960  4
206  962  4
207  1  4
207  2  4
207  4  3
207  8  2
207  25  3
207  28  3
207  29  4
207  40  4
207  45  3
207  50  3
207  56  2
207  62  4
207  69  4
207  70  3
207  72  3
207  82  3
207  88  4
207  89  2
207  91  3
207  96  2
207  97  3
207  98  2
207  99  4
207  100  2
207  117  4
207  118  4
207  123  3
207  127  2
207  132  2
207  135  1
207  143  3
207  144  4
207  147  4
207  157  2
207  158  5
207  159  4
207  161  4
207  163  4
207  172  3
207  173  2
207  174  2
207  177  3
207  179  2
207  180  2
207  181  3
207  182  2
207  183  2
207  185  3
207  186  2
207  188  3
207  193  3
207  194  3
207  196  2
207  197  4
207  200  4
207  201  3
207  202  3
207  203  1
207  205  3
207  208  3
207  209  1
207  211  2
207  214  2
207  215  3
207  217  4
207  218  3
207  222  3
207  223  3
207  226  4
207  227  4
207  228  3
207  229  3
207  230  3
207  231  4
207  232  3
207  235  3
207  238  2
207  239  4
207  244  4
207  248  4
207  249  4
207  250  3
207  255  4
207  257  3
207  258  3
207  265  2
207  269  4
207  274  3
207  286  3
207  289  4
207  290  4
207  291  4
207  313  3
207  315  5
207  316  5
207  345  4
207  357  4
207  371  4
207  382  3
207  385  3
207  393  4
207  399  3
207  403  3
207  405  4
207  416  3
207  418  5
207  423  4
207  427  5
207  428  3
207  432  2
207  433  3
207  447  2
207  448  3
207  449  4
207  455  4
207  466  3
207  476  4
207  478  4
207  479  3
207  483  3
207  484  3
207  493  5
207  496  3
207  502  4
207  508  3
207  510  3
207  514  4
207  519  4
207  521  3
207  525  3
207  559  2
207  561  3
207  588  4
207  603  3
207  616  3
207  629  4
207  635  4
207  642  3
207  648  4
207  655  2
207  656  4
207  657  3
207  660  2
207  675  3
207  684  3
207  705  3
207  710  3
207  712  4
207  715  2
207  729  4
207  732  4
207  746  3
207  755  3
207  756  4
207  785  4
207  844  4
207  859  4
207  869  4
207  879  4
207  949  3
207  969  3
207  972  4
207  993  4
208  258  4
208  270  4
208  271  4
208  286  4
208  288  4
208  294  4
208  300  4
208  302  4
208  312  4
208  315  5
208  319  4
208  328  4
208  347  4
208  358  4
208  683  4
209  6  2
209  8  2
209  9  2
209  12  2
209  14  3
209  22  3
209  23  2
209  28  2
209  30  2
209  50  2
209  58  2
209  59  2
209  60  2
209  65  2
209  87  2
209  89  2
209  97  3
209  98  2
209  99  2
209  100  2
209  133  3
209  135  2
209  153  3
209  154  2
209  156  2
209  162  3
209  165  3
209  166  2
209  168  2
209  172  3
209  173  3
209  174  2
209  175  2
209  179  2
209  181  3
209  186  2
209  187  2
209  191  2
209  192  3
209  195  2
209  197  3
209  199  3
209  200  2
209  201  2
209  202  2
209  203  2
209  204  3
209  205  2
209  207  2
209  209  3
209  210  3
209  213  3
209  214  1
209  223  2
209  264  2
209  266  2
209  270  2
209  275  3
209  276  2
209  283  2
209  285  2
209  286  3
209  288  2
209  300  3
209  303  3
209  318  2
209  321  3
209  322  2
209  325  2
209  339  2
209  343  2
209  357  3
209  367  3
209  381  2
209  382  2
209  404  2
209  427  2
209  428  1
209  429  2
209  430  2
209  433  2
209  435  1
209  461  2
209  474  3
209  478  3
209  479  2
209  480  1
209  481  3
209  482  3
209  483  3
209  484  2
209  485  3
209  486  2
209  489  2
209  491  3
209  493  2
209  496  2
209  497  2
209  498  2
209  505  3
209  514  3
209  516  3
209  518  3
209  520  2
209  523  3
209  526  2
209  527  2
209  528  1
209  530  2
209  604  2
209  606  2
209  607  2
209  608  2
209  609  2
209  615  2
209  618  2
209  631  2
209  633  2
209  647  2
209  654  1
209  659  2
209  661  2
209  664  2
209  676  2
209  680  2
209  684  3
209  708  2
209  709  2
209  714  2
209  733  2
209  749  2
209  855  2
209  877  2
209  879  2
209  937  2
209  945  2
209  965  3
209  995  2
210  258  4
210  286  3
210  289  3
210  300  3
210  311  3
210  312  3
210  313  4
210  315  3
210  316  3
210  323  3
210  328  3
210  340  3
210  347  3
210  690  3
210  748  2
210  873  3
210  882  3
210  886  3
210  905  3
211  1  3
211  4  3
211  9  4
211  22  3
211  28  3
211  50  3
211  56  4
211  58  3
211  73  3
211  88  3
211  161  3
211  172  3
211  181  3
211  182  4
211  186  4
211  195  3
211  196  3
211  208  4
211  209  4
211  210  3
211  227  3
211  228  4
211  229  3
211  230  3
211  258  4
211  265  3
211  276  3
211  304  3
211  318  3
211  405  3
211  435  3
211  449  3
211  485  4
211  527  3
211  566  3
211  568  3
211  651  3
211  655  3
211  709  3
211  720  3
211  732  3
211  770  3
212  4  3
212  7  3
212  23  3
212  24  3
212  28  3
212  56  4
212  64  4
212  70  3
212  81  3
212  92  3
212  96  3
212  117  3
212  135  4
212  150  3
212  154  4
212  172  3
212  173  3
212  175  4
212  182  4
212  186  3
212  193  4
212  206  3
212  211  3
212  218  4
212  276  4
212  288  3
212  318  3
212  340  3
212  408  3
212  427  3
212  436  4
212  480  4
212  487  3
212  508  3
212  634  3
212  684  3
212  724  3
213  7  2
213  9  4
213  14  4
213  15  3
213  50  4
213  147  3
213  181  4
213  222  4
213  245  3
213  250  4
213  257  3
213  258  2
213  260  3
213  269  4
213  270  3
213  271  4
213  275  4
213  284  4
213  286  4
213  300  3
213  301  4
213  303  4
213  306  4
213  326  3
213  328  3
213  332  3
213  471  3
213  508  4
213  628  3
213  690  3
213  877  3
213  936  4
214  258  3
214  260  1
214  272  2
214  294  2
214  300  2
214  301  2
214  302  2
214  310  2
214  343  1
214  346  1
214  678  2
214  690  1
215  154  5
215  185  5
215  195  5
215  243  5
215  269  5
215  322  5
215  323  6
215  328  6
215  432  5
215  531  6
215  748  5
215  754  5
216  1  4
216  2  4
216  8  4
216  9  4
216  10  4
216  11  4
216  12  4
216  13  3
216  14  3
216  21  4
216  22  3
216  24  4
216  25  4
216  27  4
216  28  4
216  29  4
216  31  4
216  32  4
216  36  4
216  38  4
216  41  4
216  42  4
216  43  4
216  44  3
216  49  4
216  50  3
216  51  3
216  53  4
216  54  4
216  55  4
216  56  3
216  58  4
216  64  4
216  65  4
216  66  4
216  67  4
216  69  4
216  70  4
216  71  4
216  73  4
216  77  3
216  81  4
216  82  4
216  83  3
216  85  4
216  86  4
216  87  4
216  88  3
216  90  4
216  92  4
216  93  4
216  94  4
216  97  4
216  98  3
216  99  3
216  105  4
216  106  4
216  107  4
216  117  4
216  121  4
216  123  4
216  125  4
216  126  4
216  127  3
216  132  4
216  133  4
216  134  4
216  136  3
216  137  4
216  140  4
216  142  3
216  143  3
216  144  3
216  148  4
216  154  4
216  155  4
216  156  4
216  157  4
216  158  4
216  159  3
216  161  3
216  168  4
216  172  3
216  174  3
216  176  3
216  178  3
216  181  4
216  182  3
216  183  3
216  185  4
216  187  3
216  191  4
216  194  3
216  195  3
216  196  4
216  197  4
216  199  4
216  200  4
216  202  3
216  203  4
216  204  4
216  209  4
216  210  4
216  211  4
216  213  4
216  215  4
216  216  3
216  217  4
216  219  3
216  220  4
216  226  3
216  230  3
216  234  3
216  237  4
216  238  4
216  239  3
216  240  4
216  241  4
216  242  3
216  245  4
216  246  4
216  248  4
216  249  4
216  250  4
216  251  4
216  252  4
216  253  3
216  254  4
216  257  3
216  258  4
216  259  4
216  264  4
216  266  4
216  268  4
216  272  4
216  274  3
216  275  3
216  276  4
216  277  4
216  281  4
216  283  3
216  284  4
216  285  4
216  286  4
216  287  4
216  288  4
216  289  4
216  294  3
216  295  4
216  297  4
216  298  4
216  301  4
216  304  4
216  307  4
216  312  4
216  313  4
216  315  4
216  316  4
216  317  3
216  318  4
216  319  3
216  322  4
216  323  4
216  326  3
216  327  4
216  328  4
216  329  4
216  331  4
216  332  4
216  333  4
216  338  4
216  339  3
216  346  4
216  347  4
216  348  3
216  354  4
216  356  4
216  357  3
216  364  4
216  366  4
216  367  4
216  369  4
216  375  4
216  378  4
216  385  4
216  388  4
216  393  4
216  395  3
216  396  4
216  399  4
216  401  4
216  402  4
216  403  4
216  404  3
216  405  5
216  411  4
216  412  4
216  416  4
216  417  4
216  418  4
216  419  3
216  423  3
216  425  4
216  427  4
216  431  4
216  432  4
216  433  4
216  448  4
216  451  4
216  452  4
216  462  3
216  463  4
216  468  3
216  469  4
216  471  4
216  472  4
216  473  4
216  475  4
216  476  4
216  479  3
216  480  3
216  496  4
216  498  4
216  500  3
216  501  3
216  506  4
216  509  4
216  515  3
216  526  3
216  531  4
216  532  4
216  538  4
216  546  4
216  549  4
216  553  4
216  554  3
216  559  4
216  560  4
216  564  4
216  568  3
216  576  4
216  578  4
216  585  3
216  588  4
216  591  3
216  592  3
216  607  3
216  614  3
216  619  4
216  625  4
216  627  4
216  628  4
216  633  4
216  651  4
216  652  3
216  657  3
216  658  4
216  662  4
216  676  4
216  678  4
216  682  4
216  684  4
216  686  3
216  689  3
216  690  3
216  692  3
216  693  4
216  696  4
216  699  4
216  707  4
216  708  4
216  710  4
216  712  4
216  713  4
216  717  4
216  720  3
216  721  4
216  723  4
216  724  4
216  729  4
216  734  4
216  735  4
216  737  3
216  738  3
216  739  4
216  746  4
216  747  3
216  748  4
216  750  4
216  754  3
216  755  4
216  761  3
216  762  3
216  763  4
216  768  4
216  770  4
216  775  4
216  778  4
216  781  4
216  783  4
216  785  3
216  790  3
216  792  4
216  794  3
216  795  4
216  803  4
216  807  4
216  812  4
216  815  4
216  819  4
216  821  3
216  824  4
216  827  4
216  833  4
216  834  4
216  840  4
216  842  4
216  843  3
216  845  4
216  849  3
216  864  4
216  865  3
216  866  4
216  873  4
216  874  3
216  879  4
216  895  4
216  915  3
216  916  4
216  917  4
216  918  4
216  928  4
216  929  4
216  930  4
216  931  4
216  934  3
216  936  3
216  937  4
216  938  4
216  941  3
216  955  3
216  959  4
216  966  4
216  972  4
216  975  4
216  980  3
216  985  4
216  990  3
216  997  4
217  1  4
217  5  4
217  7  4
217  11  4
217  12  3
217  13  3
217  15  4
217  16  4
217  17  4
217  20  4
217  23  3
217  24  4
217  27  4
217  29  4
217  32  4
217  39  4
217  42  4
217  44  3
217  47  3
217  50  4
217  51  4
217  55  4
217  56  4
217  58  4
217  62  3
217  63  4
217  64  3
217  65  4
217  67  4
217  68  4
217  69  3
217  70  3
217  72  4
217  73  4
217  77  4
217  78  4
217  79  3
217  80  4
217  81  3
217  82  4
217  83  4
217  89  2
217  91  4
217  95  4
217  96  4
217  97  3
217  98  4
217  99  3
217  100  3
217  101  3
217  106  4
217  109  4
217  118  4
217  120  4
217  122  4
217  123  4
217  125  4
217  127  3
217  131  3
217  132  3
217  135  2
217  139  4
217  142  4
217  144  4
217  145  4
217  147  4
217  154  3
217  157  3
217  159  4
217  162  3
217  164  4
217  167  4
217  168  3
217  169  3
217  171  4
217  172  3
217  173  4
217  174  3
217  176  3
217  178  3
217  179  4
217  181  3
217  182  3
217  183  3
217  184  4
217  186  3
217  190  4
217  195  3
217  196  4
217  198  4
217  200  4
217  201  4
217  202  3
217  206  4
217  207  4
217  211  2
217  214  4
217  216  3
217  217  4
217  219  4
217  222  4
217  223  4
217  226  3
217  228  3
217  232  3
217  234  3
217  235  4
217  242  4
217  245  4
217  246  4
217  248  4
217  250  4
217  252  4
217  255  4
217  257  4
217  258  4
217  260  4
217  264  4
217  265  4
217  270  5
217  273  4
217  286  3
217  288  4
217  290  4
217  293  4
217  294  4
217  298  4
217  323  4
217  324  4
217  325  5
217  326  4
217  340  4
217  357  3
217  358  4
217  364  4
217  367  4
217  373  4
217  380  4
217  382  3
217  384  4
217  385  3
217  386  4
217  388  4
217  391  4
217  392  4
217  395  4
217  396  4
217  399  4
217  402  4
217  403  3
217  404  4
217  413  4
217  419  4
217  420  4
217  421  4
217  422  4
217  423  4
217  425  4
217  428  4
217  431  3
217  433  3
217  436  4
217  441  4
217  444  4
217  447  3
217  449  4
217  451  3
217  452  4
217  461  3
217  465  4
217  472  4
217  474  3
217  475  4
217  483  3
217  484  3
217  485  3
217  498  3
217  501  4
217  508  4
217  513  3
217  518  4
217  541  4
217  544  4
217  545  4
217  546  3
217  550  3
217  551  4
217  552  4
217  555  4
217  559  4
217  561  4
217  562  4
217  563  4
217  574  4
217  578  4
217  579  4
217  582  3
217  588  4
217  596  4
217  597  4
217  614  4
217  616  4
217  625  4
217  628  4
217  631  3
217  636  4
217  638  4
217  640  4
217  642  3
217  655  3
217  658  4
217  665  4
217  668  4
217  669  4
217  674  4
217  679  4
217  684  4
217  685  4
217  692  4
217  708  3
217  709  3
217  710  4
217  715  4
217  723  4
217  725  4
217  727  4
217  728  4
217  732  4
217  742  5
217  746  4
217  747  4
217  748  4
217  762  4
217  764  4
217  765  4
217  767  4
217  769  4
217  774  4
217  778  4
217  781  4
217  783  4
217  792  3
217  796  4
217  797  4
217  800  4
217  804  4
217  809  4
217  810  4
217  815  4
217  825  4
217  827  4
217  831  4
217  849  4
217  855  4
217  871  4
217  895  4
217  923  4
217  928  4
217  940  4
217  943  4
217  944  4
217  946  4
217  963  4
217  979  4
217  999  4
217  1000  4
218  288  3
218  301  3
218  304  2
218  313  3
218  315  3
218  328  3
218  331  3
218  333  2
218  344  3
218  346  3
218  750  3
218  895  3
218  899  3
219  14  5
219  50  4
219  79  5
219  89  5
219  100  5
219  173  5
219  181  4
219  257  5
219  275  6
219  286  6
219  405  5
219  478  6
219  488  6
219  604  6
219  615  5
219  705  5
220  14  4
220  19  4
220  86  4
220  100  4
220  116  4
220  137  5
220  251  3
220  270  4
220  283  4
220  288  3
220  301  4
220  319  4
220  331  4
220  408  4
220  478  4
220  484  4
220  513  4
220  603  4
220  750  4
221  4  5
221  11  5
221  12  4
221  50  5
221  56  4
221  82  5
221  87  5
221  89  4
221  100  4
221  124  5
221  127  4
221  129  5
221  144  4
221  156  4
221  164  5
221  172  4
221  174  4
221  175  4
221  176  4
221  183  4
221  185  4
221  187  4
221  194  4
221  200  4
221  213  4
221  218  5
221  219  4
221  234  5
221  238  4
221  302  4
221  333  5
221  443  4
221  448  4
221  474  4
221  516  5
221  517  4
221  603  5
221  653  4
221  657  4
221  672  5
221  674  5
221  709  5
221  879  4
221  914  5
221  915  5
222  1  4
222  5  3
222  15  3
222  50  3
222  53  4
222  93  4
222  98  3
222  100  4
222  109  4
222  124  3
222  126  4
222  127  3
222  129  4
222  137  4
222  151  4
222  181  3
222  184  4
222  200  4
222  201  4
222  217  4
222  219  3
222  235  4
222  250  4
222  257  4
222  258  4
222  260  4
222  270  4
222  273  3
222  275  4
222  276  4
222  286  4
222  287  4
222  288  3
222  293  3
222  294  4
222  299  4
222  307  3
222  324  4
222  325  4
222  326  3
222  327  3
222  358  3
222  370  3
222  379  3
222  396  4
222  410  4
222  436  4
222  447  4
222  448  3
222  452  3
222  458  3
222  475  4
222  477  3
222  515  3
222  551  3
222  558  3
222  559  4
222  561  4
222  590  4
222  665  3
222  671  3
222  672  4
222  682  4
222  742  3
222  760  4
222  854  3
222  867  4
222  922  4
222  926  4
223  9  4
223  15  5
223  125  4
223  127  5
223  148  4
223  237  4
223  245  4
223  258  4
223  269  4
223  272  5
223  282  4
223  299  4
223  300  4
223  302  4
223  307  4
223  310  4
223  313  4
223  315  4
223  322  4
223  323  4
223  326  5
223  327  4
223  328  4
223  333  4
223  340  3
223  344  4
223  347  4
223  348  4
223  355  4
223  471  4
223  546  4
223  591  5
223  628  5
223  678  4
223  689  4
223  690  4
223  696  4
223  744  4
223  748  4
223  750  4
223  751  4
223  754  4
223  823  4
223  879  4
223  924  4
223  977  4
224  1  5
224  9  4
224  14  4
224  15  4
224  25  4
224  50  5
224  100  4
224  115  4
224  127  3
224  151  4
224  172  5
224  243  4
224  261  4
224  275  4
224  288  5
224  289  4
224  294  5
224  310  3
224  427  4
224  435  4
224  508  5
224  681  4
224  740  4
224  882  4
224  989  4
225  1  4
225  2  2
225  7  3
225  17  2
225  22  3
225  24  2
225  32  2
225  38  2
225  39  2
225  53  2
225  55  2
225  56  4
225  62  2
225  68  2
225  79  3
225  82  4
225  83  3
225  98  4
225  100  3
225  117  2
225  118  3
225  121  3
225  124  3
225  127  4
225  144  3
225  145  2
225  147  2
225  156  2
225  168  3
225  171  2
225  172  4
225  174  4
225  176  4
225  177  3
225  178  3
225  180  2
225  183  4
225  185  3
225  187  4
225  188  3
225  191  3
225  195  4
225  198  3
225  200  2
225  201  2
225  204  3
225  207  2
225  209  3
225  210  3
225  218  2
225  219  2
225  222  3
225  227  3
225  229  3
225  230  3
225  231  2
225  232  3
225  234  3
225  241  3
225  244  2
225  250  2
225  252  2
225  257  2
225  259  2
225  272  2
225  281  2
225  286  3
225  288  2
225  289  2
225  298  2
225  302  2
225  305  2
225  307  1
225  310  3
225  313  3
225  316  2
225  318  3
225  322  2
225  323  2
225  324  2
225  325  2
225  327  2
225  333  2
225  338  2
225  340  3
225  343  2
225  346  2
225  355  2
225  358  2
225  362  2
225  363  2
225  379  2
225  385  3
225  398  2
225  424  2
225  429  3
225  445  2
225  447  3
225  452  2
225  474  3
225  475  2
225  491  3
225  515  3
225  520  3
225  522  2
225  538  2
225  540  2
225  550  2
225  562  2
225  566  3
225  568  3
225  573  2
225  576  2
225  583  2
225  590  2
225  597  2
225  636  2
225  669  2
225  670  2
225  675  2
225  678  2
225  679  2
225  686  2
225  689  2
225  690  2
225  748  2
225  750  2
225  751  2
225  759  2
225  823  2
225  825  2
225  831  2
225  841  2
225  853  2
225  877  2
225  879  2
225  895  2
225  912  2
225  943  2
225  976  2
226  23  5
226  50  4
226  98  5
226  99  4
226  132  4
226  133  3
226  134  4
226  135  3
226  168  4
226  174  3
226  182  4
226  185  5
226  191  4
226  194  4
226  197  3
226  199  4
226  200  4
226  204  4
226  208  4
226  211  4
226  318  5
226  332  6
226  418  4
226  427  5
226  428  5
226  429  5
226  430  5
226  432  4
226  435  4
226  474  3
226  478  4
226  480  4
226  483  4
226  486  5
226  488  4
226  490  4
226  491  5
226  492  5
226  493  5
226  494  5
226  504  4
226  505  4
226  510  4
226  511  5
226  524  6
226  525  5
226  526  5
226  527  5
226  603  4
226  605  5
226  606  5
226  607  5
226  608  5
226  610  5
226  613  6
226  614  5
226  616  5
226  631  5
226  633  5
226  646  5
226  648  5
226  651  4
226  653  5
226  654  4
226  655  4
226  657  3
226  673  5
226  754  6
226  836  6
226  848  6
227  245  4
227  258  4
227  263  4
227  286  4
227  300  5
227  302  5
227  303  4
227  328  4
227  332  5
227  341  5
227  680  5
227  682  5
227  688  5
227  874  3
227  937  4
227  938  4
227  989  4
227  990  5
228  243  2
228  259  2
228  268  3
228  271  1
228  272  4
228  286  3
228  289  1
228  294  2
228  300  4
228  305  2
228  307  3
228  312  2
228  313  3
228  316  2
228  322  2
228  323  2
228  326  3
228  332  3
228  334  3
228  338  2
228  340  3
228  347  2
228  350  2
228  538  2
228  690  2
228  750  2
228  875  2
228  877  2
228  879  3
228  886  2
228  896  3
228  908  2
228  988  2
229  1  4
229  2  5
229  3  5
229  4  4
229  7  4
229  8  5
229  12  3
229  15  5
229  21  5
229  22  4
229  23  3
229  24  4
229  26  5
229  28  5
229  31  4
229  32  3
229  45  3
229  47  3
229  48  4
229  50  2
229  52  4
229  53  4
229  55  4
229  56  2
229  58  4
229  62  5
229  63  5
229  64  3
229  66  5
229  68  4
229  69  3
229  70  4
229  72  4
229  73  5
229  77  4
229  79  3
229  82  3
229  83  4
229  85  5
229  86  5
229  87  5
229  88  4
229  89  3
229  90  5
229  91  4
229  92  4
229  93  4
229  95  5
229  96  3
229  97  4
229  101  3
229  109  3
229  114  5
229  117  5
229  118  3
229  123  5
229  124  6
229  127  4
229  128  5
229  132  3
229  133  4
229  134  4
229  137  4
229  140  5
229  141  4
229  143  5
229  144  4
229  150  5
229  151  4
229  153  4
229  154  3
229  157  5
229  159  5
229  161  3
229  162  5
229  163  5
229  164  4
229  165  6
229  166  5
229  168  2
229  170  3
229  172  4
229  174  2
229  178  5
229  179  3
229  181  4
229  183  2
229  185  2
229  186  2
229  188  3
229  190  3
229  191  2
229  193  4
229  195  3
229  197  4
229  201  3
229  202  4
229  203  3
229  207  6
229  208  3
229  209  4
229  210  3
229  211  3
229  214  3
229  216  4
229  218  3
229  219  5
229  223  4
229  225  5
229  229  4
229  232  4
229  233  5
229  237  5
229  238  4
229  248  4
229  249  5
229  250  5
229  258  3
229  264  5
229  265  3
229  273  5
229  274  5
229  275  6
229  276  4
229  277  5
229  280  6
229  281  5
229  282  5
229  283  6
229  288  5
229  290  5
229  291  5
229  298  5
229  301  6
229  318  4
229  319  5
229  321  5
229  338  5
229  340  6
229  356  4
229  365  6
229  366  5
229  367  5
229  371  5
229  378  6
229  382  4
229  385  4
229  387  5
229  392  5
229  393  4
229  403  3
229  404  4
229  405  4
229  410  4
229  411  5
229  415  6
229  418  4
229  419  5
229  423  5
229  427  5
229  428  4
229  430  5
229  431  4
229  432  4
229  433  4
229  435  5
229  436  3
229  441  6
229  448  4
229  455  5
229  457  6
229  466  5
229  467  5
229  468  5
229  470  4
229  473  5
229  475  4
229  480  5
229  481  6
229  482  6
229  483  5
229  484  5
229  485  5
229  491  6
229  493  6
229  496  4
229  499  6
229  500  6
229  502  5
229  504  4
229  505  6
229  508  4
229  511  4
229  514  5
229  520  6
229  527  3
229  531  4
229  535  6
229  537  5
229  546  5
229  549  4
229  550  5
229  559  4
229  566  5
229  568  4
229  569  5
229  570  5
229  578  6
229  581  3
229  584  5
229  591  5
229  602  6
229  603  5
229  611  5
229  625  4
229  627  5
229  628  5
229  629  4
229  631  5
229  633  5
229  635  5
229  636  4
229  640  4
229  642  4
229  652  4
229  654  4
229  658  5
229  662  5
229  665  5
229  671  5
229  672  4
229  673  4
229  679  5
229  684  4
229  686  4
229  692  4
229  693  4
229  700  5
229  702  5
229  705  5
229  708  5
229  709  5
229  710  5
229  726  6
229  729  6
229  732  4
229  735  5
229  742  5
229  744  5
229  747  5
229  755  5
229  756  5
229  761  6
229  762  5
229  763  5
229  768  5
229  780  5
229  794  5
229  804  6
229  805  6
229  806  5
229  820  5
229  826  5
229  833  6
229  845  5
229  847  6
229  921  5
229  928  4
229  941  6
229  944  5
229  961  5
229  967  6
229  972  5
230  9  2
230  10  2
230  12  2
230  19  2
230  42  2
230  56  3
230  100  3
230  101  2
230  124  2
230  129  2
230  137  2
230  148  2
230  152  2
230  164  2
230  181  3
230  221  2
230  222  3
230  234  3
230  237  3
230  248  2
230  253  2
230  258  3
230  264  2
230  273  3
230  276  3
230  286  3
230  288  3
230  293  2
230  300  3
230  302  3
230  318  3
230  328  2
230  436  2
230  462  2
230  514  2
230  515  2
230  527  3
230  528  2
230  547  2
230  628  2
230  656  2
230  674  2
230  744  2
231  245  3
231  286  2
231  300  3
231  302  3
231  307  2
231  322  3
231  327  1
231  690  1
231  748  2
231  879  2
231  988  2
232  1  3
232  3  2
232  7  3
232  24  3
232  50  3
232  93  2
232  100  3
232  108  2
232  109  2
232  111  3
232  117  2
232  118  3
232  121  3
232  123  2
232  150  2
232  151  3
232  181  2
232  222  3
232  237  3
232  246  2
232  248  3
232  249  2
232  250  3
232  257  2
232  258  3
232  274  3
232  276  2
232  284  3
232  294  3
232  295  3
232  300  2
232  315  2
232  405  3
232  410  3
232  411  3
232  508  3
232  546  3
232  628  2
232  678  2
232  742  3
232  763  2
232  815  2
232  844  2
232  871  2
233  50  3
233  59  2
233  60  1
233  95  1
233  173  3
233  174  1
233  194  2
233  246  2
233  268  2
233  269  2
233  273  2
233  276  1
233  294  2
233  302  3
233  303  2
233  322  1
233  323  1
233  325  1
233  326  1
233  333  1
233  358  1
233  435  1
233  474  2
233  507  1
233  657  1
233  690  2
233  748  1
233  919  1
234  7  4
234  9  2
234  111  5
234  121  4
234  125  3
234  147  2
234  148  1
234  151  2
234  220  2
234  237  4
234  274  3
234  275  2
234  283  2
234  287  1
234  288  3
234  347  3
234  406  2
234  471  3
234  477  3
234  546  3
234  628  2
234  743  1
234  756  2
234  763  3
234  815  3
234  819  2
234  928  2
234  975  2
235  1  3
235  3  2
235  4  3
235  5  2
235  7  3
235  9  3
235  12  4
235  15  3
235  21  2
235  22  4
235  23  3
235  24  3
235  25  3
235  27  3
235  28  3
235  29  2
235  31  3
235  38  3
235  40  3
235  42  3
235  45  3
235  49  2
235  50  4
235  52  3
235  54  3
235  62  3
235  63  3
235  64  4
235  67  2
235  68  3
235  69  4
235  71  3
235  72  3
235  73  3
235  80  2
235  81  3
235  82  3
235  83  3
235  85  2
235  86  3
235  89  3
235  90  3
235  95  3
235  96  3
235  100  4
235  105  2
235  108  2
235  109  3
235  111  3
235  115  2
235  117  2
235  118  2
235  121  3
235  122  2
235  123  2
235  128  2
235  132  3
235  135  4
235  136  3
235  141  3
235  148  2
235  151  3
235  152  2
235  153  4
235  154  3
235  156  3
235  157  3
235  159  2
235  160  3
235  161  3
235  162  2
235  163  2
235  164  3
235  167  2
235  168  3
235  171  3
235  172  3
235  173  3
235  174  3
235  175  4
235  176  3
235  182  3
235  183  3
235  184  3
235  185  4
235  186  3
235  187  3
235  188  3
235  190  3
235  191  4
235  195  3
235  196  3
235  199  3
235  200  3
235  204  3
235  206  2
235  211  3
235  214  3
235  215  3
235  216  4
235  217  3
235  218  3
235  219  2
235  222  3
235  225  2
235  226  3
235  227  3
235  228  3
235  229  3
235  230  3
235  234  3
235  239  2
235  240  3
235  245  3
235  246  3
235  250  3
235  252  2
235  255  2
235  257  2
235  258  3
235  260  2
235  264  2
235  273  3
235  284  3
235  290  2
235  291  2
235  294  2
235  299  3
235  307  3
235  313  3
235  317  3
235  318  4
235  321  3
235  327  3
235  338  3
235  343  3
235  351  2
235  354  2
235  357  3
235  358  3
235  367  3
235  369  2
235  376  2
235  380  2
235  381  3
235  382  3
235  384  3
235  385  3
235  386  3
235  392  2
235  393  3
235  394  2
235  399  2
235  402  3
235  403  3
235  404  3
235  410  3
235  411  2
235  413  2
235  423  4
235  424  2
235  431  3
235  433  3
235  434  3
235  435  3
235  436  3
235  443  3
235  447  3
235  448  3
235  451  3
235  455  3
235  462  3
235  465  2
235  470  3
235  473  3
235  474  3
235  476  2
235  520  2
235  541  2
235  542  2
235  546  3
235  550  3
235  554  2
235  561  2
235  562  3
235  566  3
235  567  2
235  568  3
235  569  3
235  571  2
235  572  2
235  573  2
235  576  2
235  577  3
235  578  2
235  584  2
235  587  2
235  588  3
235  597  3
235  616  3
235  625  3
235  628  2
235  631  3
235  637  2
235  640  3
235  649  2
235  652  3
235  655  3
235  659  3
235  665  2
235  672  2
235  673  2
235  674  2
235  675  3
235  679  3
235  684  3
235  693  3
235  696  2
235  697  2
235  710  3
235  713  3
235  715  3
235  717  2
235  720  2
235  729  3
235  732  3
235  743  2
235  746  3
235  748  2
235  751  3
235  752  2
235  756  2
235  760  2
235  762  3
235  780  3
235  781  3
235  786  2
235  790  3
235  792  3
235  797  2
235  800  2
235  820  2
235  821  2
235  825  2
235  826  2
235  831  2
235  834  2
235  841  2
235  845  3
235  862  2
235  885  2
235  890  2
235  895  2
235  924  2
235  926  2
235  928  2
235  929  2
235  943  3
235  944  3
235  961  3
235  977  2
235  983  2
236  21  4
236  23  4
236  26  5
236  38  4
236  39  4
236  43  4
236  47  5
236  65  4
236  66  4
236  72  4
236  83  4
236  90  4
236  92  4
236  95  4
236  96  3
236  98  4
236  102  4
236  111  4
236  125  4
236  127  3
236  132  4
236  133  3
236  157  4
236  159  4
236  161  4
236  168  4
236  172  4
236  174  3
236  179  4
236  182  4
236  186  5
236  200  4
236  204  4
236  215  4
236  216  3
236  217  4
236  218  4
236  219  4
236  226  4
236  238  4
236  265  5
236  287  5
236  288  4
236  313  5
236  325  4
236  327  4
236  340  4
236  347  4
236  367  5
236  381  4
236  392  4
236  400  4
236  411  5
236  433  4
236  441  4
236  447  4
236  454  4
236  503  4
236  504  4
236  506  4
236  537  4
236  546  4
236  553  4
236  559  4
236  568  4
236  581  5
236  585  4
236  595  4
236  628  4
236  642  4
236  649  4
236  655  3
236  658  4
236  660  4
236  708  4
236  710  4
236  715  5
236  721  4
236  723  4
236  739  4
236  742  4
236  746  4
236  748  5
236  761  4
236  762  4
236  763  4
236  790  5
236  794  4
236  821  4
236  845  4
236  895  4
236  974  4
237  5  1
237  11  1
237  12  2
237  14  3
237  28  2
237  30  1
237  42  1
237  47  2
237  50  4
237  51  2
237  56  3
237  58  3
237  65  2
237  69  3
237  70  3
237  77  2
237  79  4
237  82  3
237  83  3
237  86  1
237  87  3
237  88  2
237  89  3
237  90  2
237  91  2
237  95  2
237  97  3
237  98  4
237  99  3
237  111  2
237  116  1
237  118  2
237  124  2
237  131  2
237  132  3
237  133  3
237  134  4
237  137  2
237  143  3
237  144  2
237  151  3
237  154  3
237  155  1
237  161  2
237  162  2
237  165  1
237  166  1
237  168  4
237  170  3
237  173  2
237  174  4
237  176  2
237  179  2
237  180  3
237  181  3
237  183  3
237  185  3
237  186  3
237  190  3
237  191  4
237  195  4
237  197  3
237  204  4
237  207  1
237  208  4
237  211  3
237  212  1
237  213  2
237  214  2
237  216  4
237  217  1
237  218  1
237  219  1
237  229  2
237  234  4
237  237  3
237  238  4
237  239  1
237  244  1
237  253  1
237  254  1
237  265  2
237  275  3
237  276  2
237  281  1
237  283  2
237  286  3
237  287  1
237  288  1
237  292  1
237  301  1
237  318  3
237  378  2
237  381  2
237  387  2
237  393  3
237  402  2
237  404  3
237  412  1
237  415  1
237  418  2
237  419  3
237  421  2
237  423  3
237  428  3
237  432  3
237  433  3
237  435  3
237  436  2
237  447  2
237  450  1
237  451  3
237  466  1
237  473  1
237  478  2
237  479  3
237  480  3
237  482  2
237  484  2
237  485  3
237  496  3
237  497  2
237  499  1
237  501  2
237  507  2
237  512  1
237  514  3
237  517  1
237  518  2
237  521  1
237  523  3
237  559  2
237  566  2
237  581  2
237  582  3
237  583  1
237  584  1
237  588  2
237  603  2
237  607  1
237  614  2
237  629  1
237  640  2
237  642  2
237  651  2
237  652  2
237  654  3
237  655  3
237  657  3
237  658  1
237  660  3
237  663  2
237  665  1
237  672  1
237  674  1
237  683  1
237  684  2
237  692  3
237  696  1
237  697  1
237  698  1
237  699  1
237  702  1
237  705  3
237  707  2
237  708  1
237  709  3
237  710  1
237  727  1
237  730  1
237  732  2
237  736  2
237  737  1
237  739  2
237  746  1
237  747  3
237  748  1
237  753  1
237  755  1
237  770  2
237  778  1
237  794  1
237  812  1
237  842  1
237  843  1
237  946  1
237  969  1
238  1  4
238  9  5
238  15  5
238  21  5
238  50  4
238  100  5
238  118  5
238  220  5
238  237  5
238  245  5
238  269  5
238  321  5
238  471  5
238  476  5
238  815  5
238  845  5
238  864  5
238  866  5
239  7  2
239  93  3
239  100  4
239  121  3
239  147  2
239  237  2
239  240  2
239  242  2
239  257  3
239  273  2
239  276  2
239  282  2
239  285  2
239  293  2
239  300  2
239  301  2
239  307  2
239  405  2
239  475  2
239  591  1
239  895  1
240  70  2
240  86  2
240  171  2
240  198  2
240  271  2
240  272  2
240  283  1
240  300  2
240  310  2
240  312  2
240  313  3
240  319  1
240  328  2
240  329  1
240  340  2
240  350  2
240  512  2
240  515  2
240  690  2
240  736  1
240  749  2
240  750  2
240  751  1
240  886  2
240  904  2
240  921  1
240  937  1
240  988  2
241  7  3
241  9  3
241  25  3
241  117  2
241  121  3
241  259  3
241  313  3
241  342  3
241  405  3
241  751  3
242  7  3
242  11  4
242  12  4
242  14  5
242  17  5
242  26  5
242  29  4
242  31  4
242  33  5
242  38  4
242  39  4
242  41  5
242  42  4
242  44  4
242  53  4
242  54  4
242  55  3
242  56  2
242  62  4
242  64  3
242  67  5
242  68  4
242  79  2
242  82  3
242  98  3
242  100  3
242  117  4
242  129  5
242  144  4
242  150  4
242  154  4
242  156  4
242  159  5
242  161  4
242  168  3
242  174  3
242  176  3
242  177  4
242  182  4
242  184  4
242  186  4
242  195  2
242  203  4
242  204  3
242  209  3
242  210  2
242  219  4
242  226  3
242  228  3
242  230  3
242  231  4
242  234  4
242  240  5
242  273  4
242  276  4
242  281  4
242  286  3
242  288  3
242  294  3
242  318  4
242  342  5
242  367  4
242  385  3
242  401  5
242  403  3
242  410  4
242  436  3
242  449  4
242  452  5
242  482  5
242  508  4
242  546  4
242  550  4
242  554  4
242  559  4
242  569  5
242  572  5
242  576  5
242  578  4
242  591  4
242  628  5
242  635  5
242  636  5
242  665  4
242  672  4
242  684  4
242  685  4
242  695  5
242  710  5
242  746  4
242  769  5
242  780  5
242  800  5
242  810  5
242  834  5
242  873  5
242  943  5
242  975  5
242  979  5
242  988  5
243  271  2
243  286  2
243  294  2
243  309  1
243  327  2
243  340  2
243  343  1
243  644  1
243  678  2
243  687  1
244  9  2
244  100  3
244  245  2
244  251  1
244  258  3
244  275  1
244  300  3
244  313  3
244  515  1
244  748  2
244  751  2
244  906  1
245  7  2
245  9  3
245  12  3
245  23  3
245  28  3
245  50  3
245  55  4
245  64  3
245  79  3
245  87  3
245  100  2
245  117  3
245  118  3
245  121  3
245  123  4
245  127  3
245  144  4
245  147  4
245  150  3
245  174  3
245  181  3
245  195  3
245  203  3
245  204  3
245  208  3
245  209  3
245  235  3
245  237  3
245  245  4
245  246  4
245  248  3
245  268  4
245  273  4
245  291  3
245  293  4
245  295  3
245  302  4
245  310  4
245  313  3
245  324  4
245  325  4
245  330  4
245  333  4
245  340  4
245  346  4
245  410  3
245  460  4
245  475  3
245  479  3
245  480  3
245  504  3
245  544  4
245  591  4
245  595  4
245  597  3
245  603  3
245  628  4
245  644  3
245  689  4
245  742  3
245  748  3
245  752  4
245  762  4
245  763  3
245  818  4
245  823  4
245  829  4
245  831  4
245  840  4
245  844  4
245  845  4
245  871  3
245  881  4
245  886  4
245  895  4
245  908  4
245  919  3
245  959  4
245  979  4
246  268  3
246  269  2
246  270  2
246  286  2
246  288  2
246  292  2
246  301  1
246  302  3
246  303  4
246  306  3
246  311  2
246  326  2
246  328  3
246  332  2
246  334  2
246  690  2
246  748  2
246  754  3
246  880  2
246  883  2
246  888  2
247  1  4
247  5  5
247  7  5
247  11  5
247  17  6
247  27  6
247  28  4
247  31  5
247  55  5
247  56  3
247  65  5
247  68  5
247  69  4
247  70  4
247  85  6
247  89  4
247  91  5
247  96  5
247  98  4
247  100  3
247  111  5
247  117  5
247  121  4
247  123  6
247  133  4
247  135  4
247  144  5
247  147  5
247  148  6
247  150  6
247  151  5
247  153  4
247  156  5
247  157  5
247  158  6
247  174  4
247  176  4
247  180  4
247  183  4
247  204  5
247  209  4
247  218  5
247  222  5
247  227  5
247  231  6
247  234  5
247  248  5
247  252  6
247  258  5
247  260  6
247  281  5
247  284  5
247  286  4
247  290  6
247  293  6
247  298  6
247  300  5
247  367  6
247  405  5
247  410  5
247  435  5
247  447  5
247  469  6
247  483  5
247  484  5
247  498  5
247  544  6
247  546  5
247  559  5
247  582  5
247  591  6
247  597  5
247  629  6
247  642  5
247  678  6
247  742  5
247  748  6
247  760  6
247  815  6
247  823  6
247  845  5
247  866  6
247  879  6
247  926  6
247  963  5
247  981  6
248  262  5
248  268  5
248  269  6
248  271  6
248  286  5
248  301  6
248  303  5
248  304  6
248  307  6
248  316  6
248  321  5
248  327  4
248  333  6
248  338  6
248  340  6
248  344  6
248  345  6
248  360  6
248  750  5
248  887  6
248  896  6
248  900  7
249  9  4
249  15  3
249  59  1
249  61  2
249  100  4
249  105  1
249  117  2
249  122  1
249  127  3
249  137  3
249  170  3
249  171  2
249  179  2
249  212  1
249  224  2
249  244  1
249  248  3
249  251  2
249  269  2
249  273  2
249  276  2
249  282  2
249  286  3
249  288  2
249  291  1
249  293  2
249  310  1
249  337  1
249  410  2
249  459  1
249  473  2
249  546  2
249  558  1
249  702  1
249  742  2
249  748  1
249  763  1
249  936  1
249  971  1
249  983  1
250  1  4
250  2  2
250  3  3
250  4  4
250  7  4
250  10  4
250  12  4
250  13  4
250  15  3
250  26  3
250  28  3
250  29  3
250  35  2
250  38  2
250  39  3
250  49  3
250  51  3
250  54  3
250  56  5
250  58  3
250  60  3
250  64  5
250  65  3
250  66  3
250  67  3
250  70  4
250  71  3
250  73  3
250  77  3
250  80  3
250  81  3
250  82  3
250  83  3
250  86  3
250  87  4
250  88  3
250  89  4
250  90  3
250  92  3
250  94  3
250  95  3
250  97  4
250  99  4
250  100  5
250  101  3
250  110  3
250  112  3
250  114  3
250  117  3
250  121  4
250  123  2
250  125  3
250  126  2
250  127  4
250  131  3
250  132  4
250  133  4
250  134  4
250  135  4
250  136  4
250  139  3
250  141  3
250  142  3
250  143  4
250  144  3
250  145  3
250  152  3
250  153  3
250  154  4
250  155  3
250  157  3
250  158  3
250  161  3
250  162  4
250  163  3
250  164  3
250  166  3
250  167  3
250  168  4
250  169  3
250  173  4
250  174  4
250  176  3
250  177  3
250  179  4
250  180  3
250  182  4
250  183  3
250  185  4
250  187  3
250  191  5
250  192  4
250  193  3
250  194  4
250  195  3
250  196  4
250  199  4
250  200  4
250  202  3
250  203  4
250  204  3
250  205  3
250  207  3
250  208  4
250  210  3
250  211  5
250  215  4
250  216  5
250  218  3
250  222  3
250  223  4
250  225  3
250  226  3
250  227  3
250  229  3
250  231  3
250  233  2
250  237  3
250  238  4
250  239  3
250  241  3
250  245  3
250  252  3
250  254  2
250  258  3
250  264  3
250  265  3
250  269  3
250  272  3
250  274  4
250  275  3
250  277  3
250  278  2
250  280  2
250  281  3
250  282  3
250  283  3
250  287  3
250  288  3
250  290  3
250  292  3
250  294  4
250  299  3
250  300  3
250  301  3
250  302  3
250  304  3
250  305  3
250  310  3
250  311  3
250  312  3
250  313  2
250  315  3
250  316  2
250  328  3
250  332  2
250  340  3
250  354  2
250  357  3
250  367  3
250  371  3
250  373  2
250  378  4
250  380  3
250  381  3
250  382  3
250  383  2
250  384  2
250  385  3
250  387  3
250  393  3
250  395  3
250  396  3
250  400  2
250  401  2
250  402  3
250  414  3
250  416  3
250  417  3
250  418  3
250  419  3
250  421  3
250  422  3
250  427  3
250  428  2
250  430  3
250  431  2
250  432  4
250  433  3
250  434  2
250  435  4
250  448  3
250  451  3
250  455  2
250  462  4
250  465  3
250  467  3
250  468  2
250  469  3
250  470  3
250  471  3
250  472  2
250  474  4
250  476  3
250  477  2
250  478  3
250  479  3
250  480  4
250  481  3
250  482  3
250  483  4
250  484  3
250  487  3
250  488  4
250  490  3
250  491  3
250  493  3
250  494  3
250  495  3
250  496  4
250  497  3
250  499  4
250  500  3
250  502  3
250  503  3
250  505  4
250  506  3
250  507  3
250  509  4
250  510  4
250  511  4
250  514  4
250  518  3
250  520  3
250  523  4
250  525  3
250  526  4
250  527  4
250  528  3
250  530  3
250  535  2
250  549  3
250  550  3
250  553  3
250  557  2
250  558  3
250  559  3
250  561  3
250  566  3
250  568  3
250  570  3
250  582  3
250  583  2
250  589  3
250  591  2
250  602  3
250  604  3
250  606  4
250  607  3
250  608  2
250  609  3
250  610  3
250  611  3
250  612  3
250  613  3
250  614  3
250  618  3
250  620  2
250  622  3
250  629  3
250  630  3
250  631  3
250  632  3
250  633  2
250  637  2
250  642  3
250  647  3
250  648  3
250  650  3
250  651  3
250  655  3
250  657  5
250  659  3
250  660  4
250  661  4
250  663  3
250  673  3
250  679  2
250  685  2
250  686  3
250  689  3
250  692  3
250  693  3
250  700  2
250  704  3
250  705  4
250  707  4
250  708  3
250  709  3
250  710  3
250  712  3
250  714  2
250  715  2
250  716  3
250  717  2
250  723  2
250  727  3
250  728  3
250  729  2
250  731  2
250  735  3
250  736  3
250  739  3
250  742  2
250  747  3
250  748  2
250  751  3
250  761  3
250  762  3
250  765  2
250  771  3
250  774  2
250  775  3
250  778  3
250  783  2
250  785  3
250  790  2
250  792  3
250  794  3
250  801  3
250  807  2
250  815  3
250  821  3
250  823  3
250  832  3
250  837  3
250  842  3
250  845  3
250  846  2
250  847  3
250  865  3
250  869  3
250  873  2
250  878  3
250  900  3
250  902  3
250  904  3
250  905  3
250  908  2
250  921  2
250  923  3
250  926  2
250  928  2
250  934  3
250  936  2
250  939  3
250  940  2
250  942  2
250  951  3
250  956  3
250  965  3
250  966  3
250  967  2
250  969  2
251  242  3
251  243  2
251  259  3
251  260  2
251  262  1
251  263  3
251  264  3
251  268  2
251  269  4
251  270  4
251  286  3
251  288  2
251  289  3
251  292  3
251  294  2
251  299  3
251  300  3
251  301  4
251  305  2
251  307  4
251  308  4
251  319  3
251  322  2
251  323  3
251  325  3
251  327  1
251  328  3
251  329  3
251  330  3
251  331  3
251  332  2
251  333  2
251  336  3
251  359  3
251  360  3
251  457  3
251  680  3
251  681  1
251  682  3
251  683  3
251  687  3
251  688  3
251  749  3
251  872  3
251  874  3
251  877  3
251  879  4
251  880  3
251  881  3
251  882  3
251  883  3
251  884  2
251  937  4
251  938  3
251  984  3
251  989  3
251  995  3
252  7  3
252  8  4
252  14  3
252  22  4
252  25  3
252  27  4
252  48  5
252  52  4
252  60  4
252  61  5
252  62  5
252  64  4
252  66  4
252  69  3
252  70  4
252  73  5
252  79  3
252  86  3
252  88  4
252  89  3
252  96  4
252  97  3
252  99  3
252  111  4
252  121  4
252  124  4
252  127  3
252  134  3
252  135  4
252  136  3
252  143  2
252  152  4
252  154  4
252  156  4
252  161  4
252  162  4
252  163  4
252  168  4
252  170  3
252  171  4
252  173  4
252  174  3
252  180  4
252  181  4
252  183  4
252  185  4
252  186  4
252  187  4
252  188  4
252  191  3
252  194  4
252  195  4
252  197  3
252  201  5
252  202  4
252  203  3
252  204  4
252  207  3
252  211  4
252  212  4
252  216  3
252  234  3
252  237  3
252  243  4
252  245  4
252  259  4
252  269  4
252  276  4
252  286  2
252  294  4
252  318  3
252  371  4
252  404  4
252  418  4
252  419  4
252  420  3
252  423  2
252  427  3
252  430  4
252  432  4
252  435  4
252  443  3
252  455  4
252  458  4
252  461  4
252  462  2
252  465  4
252  467  5
252  472  4
252  479  4
252  482  4
252  483  3
252  485  2
252  488  3
252  490  3
252  491  5
252  492  3
252  494  4
252  495  4
252  496  2
252  498  3
252  502  4
252  506  3
252  509  3
252  510  4
252  513  4
252  517  3
252  518  4
252  521  4
252  523  3
252  526  4
252  530  4
252  531  3
252  554  4
252  576  4
252  588  3
252  597  4
252  603  3
252  609  3
252  614  4
252  615  4
252  624  5
252  631  3
252  636  4
252  641  4
252  648  4
252  654  3
252  659  4
252  660  3
252  684  4
252  729  3
252  736  4
252  780  5
252  792  4
252  805  4
252  815  4
252  856  4
252  863  4
252  874  4
252  924  4
252  947  4
252  969  4
252  971  3
253  3  2
253  4  2
253  9  2
253  11  3
253  12  2
253  17  3
253  22  3
253  24  3
253  33  2
253  42  3
253  48  2
253  49  2
253  50  3
253  53  3
253  59  2
253  68  3
253  69  3
253  73  2
253  77  3
253  79  3
253  80  2
253  93  3
253  94  3
253  98  3
253  100  3
253  117  3
253  122  3
253  125  3
253  132  3
253  143  3
253  154  3
253  156  3
253  157  3
253  158  2
253  164  3
253  168  3
253  172  2
253  174  3
253  181  3
253  184  3
253  186  3
253  188  3
253  196  2
253  204  2
253  210  3
253  214  3
253  223  3
253  231  2
253  233  2
253  234  3
253  238  2
253  239  2
253  246  2
253  248  2
253  254  2
253  258  3
253  268  2
253  276  2
253  288  3
253  298  2
253  318  2
253  354  2
253  356  3
253  357  2
253  364  2
253  367  2
253  369  3
253  384  2
253  385  2
253  393  3
253  401  2
253  402  3
253  410  3
253  412  2
253  416  3
253  421  3
253  423  2
253  424  2
253  427  2
253  456  2
253  471  3
253  475  3
253  476  2
253  496  2
253  508  3
253  509  2
253  515  3
253  550  2
253  566  2
253  568  3
253  578  2
253  591  3
253  628  2
253  651  3
253  655  2
253  684  2
253  693  3
253  697  2
253  717  2
253  721  2
253  742  3
253  871  2
253  959  3
253  963  2
254  1  3
254  11  2
254  12  2
254  22  2
254  28  2
254  50  3
254  51  1
254  55  2
254  56  2
254  66  3
254  69  2
254  70  2
254  73  2
254  76  2
254  77  2
254  79  2
254  82  2
254  87  2
254  88  2
254  89  3
254  96  3
254  97  2
254  98  2
254  99  2
254  100  3
254  107  2
254  114  2
254  117  2
254  118  2
254  121  2
254  124  3
254  131  2
254  133  2
254  134  3
254  136  2
254  143  3
254  144  2
254  153  3
254  161  1
254  162  2
254  164  2
254  169  2
254  172  2
254  173  2
254  174  2
254  181  2
254  182  2
254  185  2
254  191  2
254  193  2
254  194  3
254  195  2
254  196  2
254  197  2
254  199  1
254  202  3
254  203  2
254  204  2
254  210  2
254  211  2
254  215  2
254  222  3
254  228  2
254  234  3
254  237  2
254  245  2
254  248  2
254  250  3
254  255  2
254  257  2
254  258  2
254  259  2
254  260  2
254  270  2
254  272  2
254  277  2
254  279  2
254  286  3
254  289  2
254  293  2
254  300  1
254  310  2
254  315  2
254  316  2
254  317  2
254  318  2
254  322  2
254  323  2
254  326  3
254  356  2
254  357  3
254  378  2
254  385  1
254  392  2
254  404  2
254  414  2
254  418  2
254  419  2
254  423  2
254  427  1
254  431  2
254  434  2
254  451  2
254  454  2
254  465  2
254  468  2
254  474  2
254  478  3
254  479  2
254  482  2
254  483  2
254  484  3
254  485  2
254  487  3
254  490  1
254  492  3
254  493  2
254  496  3
254  497  2
254  507  2
254  509  2
254  519  2
254  520  3
254  526  2
254  528  3
254  531  2
254  566  2
254  568  2
254  603  3
254  605  2
254  607  3
254  610  2
254  612  2
254  614  2
254  627  2
254  631  2
254  633  2
254  642  2
254  649  2
254  651  2
254  654  3
254  655  2
254  657  2
254  659  2
254  660  2
254  678  2
254  685  3
254  686  2
254  692  2
254  693  2
254  694  3
254  705  1
254  707  2
254  724  2
254  735  2
254  736  2
254  740  2
254  742  2
254  746  2
254  836  2
254  837  2
254  842  2
254  873  2
254  875  2
254  879  2
254  939  2
254  945  2
254  956  3
254  968  2
255  1  4
255  2  4
255  4  3
255  7  4
255  8  4
255  9  4
255  12  4
255  14  4
255  17  4
255  20  4
255  24  4
255  25  3
255  31  4
255  39  4
255  40  4
255  42  3
255  44  4
255  47  4
255  53  4
255  56  4
255  57  4
255  58  4
255  64  5
255  65  4
255  69  4
255  70  4
255  71  4
255  87  4
255  89  4
255  96  4
255  97  4
255  98  4
255  118  3
255  123  4
255  125  3
255  126  3
255  135  4
255  148  4
255  161  4
255  170  4
255  173  4
255  174  4
255  176  4
255  191  4
255  196  4
255  197  4
255  204  4
255  214  4
255  217  4
255  222  4
255  223  4
255  228  4
255  234  4
255  237  4
255  241  4
255  245  4
255  252  3
255  255  4
255  257  3
255  265  4
255  270  4
255  275  4
255  276  4
255  277  4
255  279  4
255  281  3
255  282  4
255  288  4
255  289  4
255  291  4
255  292  4
255  293  4
255  298  4
255  300  4
255  301  4
255  304  4
255  307  4
255  318  4
255  321  4
255  323  4
255  334  4
255  343  4
255  380  4
255  382  4
255  393  4
255  402  4
255  405  3
255  423  4
255  428  3
255  447  4
255  455  4
255  462  4
255  465  4
255  471  4
255  475  4
255  504  4
255  508  4
255  511  4
255  515  4
255  518  4
255  529  4
255  531  4
255  549  4
255  582  4
255  584  4
255  591  4
255  597  4
255  627  4
255  628  4
255  629  4
255  647  4
255  660  4
255  678  4
255  692  4
255  694  4
255  709  3
255  724  4
255  727  4
255  738  4
255  747  4
255  755  4
255  778  4
255  898  4
255  934  4
255  939  4
256  1  3
256  4  3
256  9  3
256  12  4
256  13  4
256  22  4
256  23  3
256  32  3
256  42  5
256  46  4
256  50  4
256  53  4
256  54  4
256  57  4
256  60  4
256  61  3
256  68  3
256  69  3
256  71  3
256  79  4
256  80  4
256  86  4
256  91  4
256  92  4
256  95  4
256  97  3
256  99  3
256  100  3
256  101  4
256  111  4
256  121  2
256  125  3
256  127  3
256  133  4
256  135  3
256  143  4
256  161  3
256  168  3
256  170  3
256  172  4
256  174  2
256  175  4
256  177  3
256  179  3
256  180  3
256  181  3
256  182  4
256  185  4
256  186  3
256  187  3
256  188  4
256  196  3
256  197  3
256  200  4
256  202  3
256  208  3
256  210  3
256  211  3
256  216  4
256  218  3
256  222  4
256  226  4
256  228  3
256  231  4
256  232  3
256  234  3
256  238  4
256  268  4
256  273  4
256  274  3
256  282  4
256  286  3
256  294  4
256  325  4
256  346  4
256  357  3
256  366  3
256  369  4
256  403  4
256  410  4
256  414  3
256  419  4
256  421  3
256  423  4
256  427  4
256  431  4
256  432  4
256  433  4
256  443  3
256  447  4
256  448  4
256  449  3
256  452  4
256  460  4
256  461  4
256  462  3
256  474  3
256  475  3
256  479  4
256  484  3
256  490  4
256  498  4
256  505  4
256  506  3
256  508  3
256  523  3
256  546  4
256  568  3
256  578  4
256  581  4
256  582  4
256  603  4
256  608  4
256  616  4
256  640  4
256  655  3
256  658  4
256  660  4
256  662  4
256  672  4
256  673  4
256  693  3
256  696  4
256  708  4
256  710  4
256  715  3
256  720  4
256  721  4
256  737  4
256  743  4
256  789  4
256  806  3
256  818  4
256  845  3
256  864  4
256  919  4
256  922  4
256  933  4
256  943  4
256  955  4
256  959  4
256  963  4
256  979  4
256  985  4
257  7  3
257  8  3
257  9  3
257  11  2
257  12  3
257  14  3
257  15  3
257  20  3
257  22  4
257  27  2
257  31  3
257  38  4
257  44  3
257  45  2
257  48  3
257  50  4
257  51  3
257  52  2
257  53  3
257  54  3
257  56  4
257  57  3
257  58  2
257  59  2
257  62  4
257  64  4
257  65  3
257  66  3
257  70  3
257  77  3
257  79  4
257  82  4
257  83  3
257  86  3
257  89  3
257  91  3
257  94  3
257  96  4
257  97  3
257  100  4
257  105  3
257  114  3
257  117  4
257  118  3
257  122  3
257  127  3
257  132  3
257  134  3
257  137  3
257  143  3
257  144  3
257  148  3
257  151  3
257  155  3
257  156  3
257  157  3
257  161  3
257  162  3
257  164  3
257  168  3
257  172  3
257  173  4
257  174  4
257  176  4
257  180  3
257  181  4
257  182  4
257  183  3
257  185  2
257  186  3
257  190  3
257  191  3
257  192  3
257  193  3
257  195  4
257  196  3
257  197  3
257  200  2
257  203  3
257  204  3
257  209  4
257  214  3
257  215  3
257  216  4
257  218  3
257  219  3
257  223  3
257  226  2
257  228  3
257  229  3
257  230  4
257  231  3
257  232  3
257  234  3
257  235  3
257  237  3
257  239  3
257  240  2
257  241  3
257  243  2
257  248  3
257  257  3
257  258  4
257  282  3
257  285  3
257  288  3
257  304  3
257  318  3
257  357  2
257  366  2
257  370  2
257  372  3
257  373  3
257  378  2
257  380  3
257  385  3
257  393  3
257  395  3
257  401  3
257  402  3
257  403  3
257  405  3
257  410  3
257  411  3
257  412  3
257  417  2
257  425  2
257  428  2
257  436  2
257  443  2
257  448  2
257  450  3
257  452  2
257  453  2
257  455  3
257  456  2
257  458  2
257  462  2
257  469  2
257  470  3
257  471  3
257  472  3
257  473  3
257  474  2
257  476  3
257  483  3
257  500  3
257  507  2
257  509  2
257  527  2
257  529  3
257  531  2
257  540  2
257  546  3
257  549  3
257  553  3
257  554  3
257  559  3
257  566  3
257  568  3
257  582  3
257  584  2
257  588  3
257  597  3
257  623  3
257  628  3
257  629  3
257  631  3
257  632  3
257  636  3
257  640  2
257  651  3
257  655  3
257  658  2
257  664  2
257  673  2
257  679  2
257  692  3
257  699  3
257  704  2
257  708  2
257  709  2
257  717  3
257  720  3
257  722  3
257  727  3
257  729  3
257  732  3
257  739  3
257  742  3
257  744  3
257  747  3
257  755  3
257  756  2
257  758  2
257  769  2
257  770  3
257  775  2
257  783  3
257  792  2
257  819  2
257  825  3
257  841  2
257  845  3
257  871  3
257  931  2
257  934  2
257  948  2
257  949  3
257  980  2
258  8  3
258  9  4
258  12  4
258  13  4
258  14  3
258  20  3
258  23  4
258  25  3
258  28  3
258  32  3
258  48  3
258  50  4
258  57  3
258  58  3
258  86  3
258  96  3
258  98  4
258  117  3
258  124  4
258  126  3
258  127  4
258  129  3
258  134  3
258  143  3
258  144  3
258  147  3
258  152  3
258  174  4
258  178  3
258  179  3
258  180  3
258  181  4
258  182  3
258  183  3
258  187  4
258  189  3
258  190  3
258  191  3
258  192  3
258  193  3
258  195  3
258  203  3
258  208  3
258  209  3
258  237  3
258  238  3
258  245  2
258  250  3
258  255  3
258  273  3
258  278  2
258  282  3
258  283  3
258  284  3
258  285  3
258  286  3
258  287  3
258  288  3
258  289  3
258  293  3
258  298  4
258  301  3
258  304  3
258  317  3
258  318  3
258  319  3
258  321  3
258  330  3
258  333  3
258  346  3
258  357  4
258  387  3
258  405  3
258  408  3
258  410  3
258  423  3
258  425  3
258  427  3
258  430  3
258  461  3
258  467  3
258  469  3
258  473  3
258  474  3
258  496  4
258  509  4
258  517  4
258  521  3
258  526  3
258  529  3
258  530  3
258  546  3
258  582  3
258  588  4
258  589  3
258  591  3
258  596  3
258  597  3
258  603  3
258  632  3
258  644  3
258  648  3
258  651  2
258  654  3
258  663  3
258  685  3
258  694  3
258  696  3
258  704  3
258  709  3
258  717  3
258  736  3
258  742  3
258  744  3
258  750  3
258  753  3
258  792  3
258  844  3
258  847  3
258  896  3
258  925  3
258  939  3
258  952  3
258  956  3
258  980  3
259  1  2
259  3  2
259  7  2
259  8  1
259  15  1
259  16  2
259  19  2
259  22  2
259  25  2
259  79  2
259  100  2
259  108  2
259  111  2
259  117  3
259  120  2
259  121  2
259  123  1
259  134  1
259  147  3
259  148  1
259  164  2
259  172  1
259  174  1
259  181  3
259  194  3
259  216  2
259  220  1
259  222  1
259  225  2
259  230  2
259  245  3
259  249  1
259  250  1
259  252  2
259  255  2
259  258  3
259  260  3
259  264  2
259  274  2
259  278  1
259  282  1
259  286  3
259  289  1
259  291  1
259  295  2
259  300  3
259  301  2
259  323  3
259  328  3
259  332  3
259  333  3
259  336  2
259  357  2
259  358  2
259  411  2
259  472  2
259  473  2
259  523  2
259  546  3
259  568  2
259  596  2
259  597  2
259  651  2
259  676  2
259  678  2
259  685  3
259  742  2
259  815  2
259  825  1
259  832  2
259  846  2
259  864  2
259  866  2
259  873  2
259  879  2
259  934  1
259  969  2
259  978  2
259  989  2
260  7  2
260  10  2
260  14  2
260  20  2
260  117  2
260  127  2
260  129  2
260  146  2
260  149  2
260  221  2
260  224  2
260  242  2
260  248  2
260  250  2
260  253  2
260  257  2
260  258  3
260  273  2
260  275  2
260  276  2
260  279  2
260  285  2
260  286  2
260  289  2
260  293  2
260  297  2
260  303  2
260  307  2
260  311  2
260  313  2
260  322  2
260  327  2
260  458  2
260  515  2
260  532  2
260  591  2
260  676  2
260  713  2
260  847  1
261  9  3
261  50  4
261  121  3
261  158  2
261  242  3
261  259  2
261  269  3
261  302  3
261  304  3
261  321  3
261  682  2
262  11  3
262  22  3
262  100  2
262  136  3
262  237  3
262  271  3
262  272  3
262  288  3
262  289  3
262  292  3
262  300  2
262  313  2
262  315  2
262  330  3
262  332  3
262  678  3
262  682  2
262  866  2
262  895  3
263  3  4
263  7  2
263  13  3
263  14  4
263  15  3
263  20  5
263  21  4
263  24  5
263  50  3
263  93  5
263  100  4
263  103  4
263  112  4
263  116  5
263  117  4
263  121  3
263  124  3
263  126  3
263  127  4
263  137  4
263  147  3
263  149  4
263  150  4
263  151  3
263  221  5
263  224  5
263  225  4
263  235  5
263  242  5
263  243  4
263  244  4
263  248  4
263  249  5
263  250  4
263  257  5
263  258  4
263  268  4
263  270  5
263  274  3
263  282  3
263  283  4
263  285  5
263  288  3
263  301  4
263  304  4
263  306  5
263  310  4
263  311  5
263  319  3
263  347  4
263  362  4
263  410  4
263  455  5
263  472  4
263  473  4
263  475  4
263  477  4
263  508  3
263  544  4
263  593  5
263  596  3
263  597  3
263  689  4
263  741  4
263  744  4
263  751  3
263  813  4
263  819  4
263  845  3
263  864  4
263  870  4
263  887  4
263  926  4
263  930  4
263  950  4
263  952  4
263  988  4
263  993  4
264  16  3
264  116  3
264  176  3
264  181  4
264  194  4
264  258  4
264  260  2
264  264  3
264  269  3
264  286  4
264  289  3
264  293  4
264  294  3
264  298  2
264  300  4
264  301  3
264  302  4
264  321  2
264  322  2
264  326  3
264  328  3
264  358  2
264  603  3
264  678  3
264  709  4
264  748  3
264  879  3
265  1  4.091398e+00
265  7  4.091398e+00
265  8  4.091398e+00
265  12  4.091398e+00
265  28  4.091398e+00
265  32  4.091398e+00
265  50  4.091398e+00
265  56  4.091398e+00
265  64  4.091398e+00
265  87  4.091398e+00
265  97  4.091398e+00
265  100  4.091398e+00
265  109  4.091398e+00
265  114  4.091398e+00
265  132  4.091398e+00
265  134  4.091398e+00
265  136  4.091398e+00
265  143  4.091398e+00
265  154  4.091398e+00
265  169  4.091398e+00
265  172  4.091398e+00
265  174  4.091398e+00
265  175  4.091398e+00
265  180  4.091398e+00
265  181  4.091398e+00
265  190  4.091398e+00
265  191  4.091398e+00
265  194  4.091398e+00
265  198  4.091398e+00
265  199  4.091398e+00
265  202  4.091398e+00
265  216  4.091398e+00
265  257  4.091398e+00
265  258  4.091398e+00
265  283  4.091398e+00
265  286  4.091398e+00
265  300  4.091398e+00
265  318  4.091398e+00
265  319  4.091398e+00
265  395  4.091398e+00
265  404  4.091398e+00
265  428  4.091398e+00
265  474  4.091398e+00
265  477  4.091398e+00
265  478  4.091398e+00
265  481  4.091398e+00
265  496  4.091398e+00
265  511  4.091398e+00
265  525  4.091398e+00
265  529  4.091398e+00
265  584  4.091398e+00
265  588  4.091398e+00
265  603  4.091398e+00
265  615  4.091398e+00
265  638  4.091398e+00
265  656  4.091398e+00
265  705  4.091398e+00
265  855  4.091398e+00
266  2  3
266  11  3
266  22  4
266  24  3
266  27  3
266  50  3
266  55  3
266  56  4
266  62  3
266  68  3
266  79  3
266  82  3
266  87  3
266  95  3
266  96  3
266  98  3
266  117  3
266  127  3
266  128  3
266  144  3
266  172  3
266  174  3
266  176  3
266  181  3
266  182  3
266  183  3
266  184  3
266  187  3
266  188  3
266  210  3
266  231  3
266  232  3
266  258  3
266  265  3
266  268  3
266  273  3
266  288  3
266  292  3
266  294  3
266  302  3
266  306  3
266  308  3
266  313  3
266  315  3
266  324  2
266  326  3
266  328  3
266  331  2
266  333  3
266  334  3
266  344  3
266  346  2
266  349  2
266  350  3
266  354  2
266  385  3
266  405  3
266  455  3
266  518  3
266  546  3
266  550  3
266  566  3
266  568  3
266  651  3
266  682  3
266  748  3
266  873  3
266  882  3
266  885  3
266  898  3
266  902  3
266  908  3
266  995  3
267  1  3
267  7  3
267  10  4
267  50  4
267  93  4
267  100  4
267  108  4
267  117  4
267  124  4
267  150  4
267  246  4
267  248  4
267  257  4
267  268  4
267  269  4
267  273  4
267  276  4
267  288  3
267  298  3
267  327  3
267  340  4
267  455  3
267  475  3
267  742  3
267  762  4
267  919  4
268  1  4
268  4  3
268  7  4
268  8  2
268  12  5
268  13  4
268  15  3
268  19  3
268  22  4
268  25  2
268  31  3
268  39  3
268  42  3
268  47  3
268  51  4
268  56  4
268  58  4
268  69  4
268  70  3
268  71  4
268  95  3
268  96  3
268  97  4
268  98  4
268  100  4
268  111  3
268  116  1
268  118  3
268  121  3
268  126  3
268  132  3
268  137  3
268  144  2
268  150  4
268  153  4
268  157  2
268  159  3
268  160  2
268  170  3
268  172  4
268  173  5
268  178  3
268  180  4
268  181  4
268  182  3
268  191  3
268  192  3
268  195  4
268  200  4
268  209  4
268  214  2
268  216  3
268  222  3
268  238  5
268  246  3
268  249  2
268  251  2
268  257  3
268  258  4
268  273  2
268  275  2
268  283  2
268  285  1
268  293  2
268  294  3
268  297  2
268  318  4
268  357  3
268  367  3
268  372  2
268  405  3
268  411  3
268  423  3
268  427  4
268  428  3
268  435  3
268  462  4
268  469  3
268  471  3
268  475  3
268  498  3
268  507  3
268  529  4
268  544  2
268  582  2
268  603  3
268  612  3
268  642  4
268  655  3
268  662  3
268  692  3
268  699  3
268  724  3
268  742  2
268  856  3
268  926  2
268  952  2
269  10  4
269  64  4
269  65  4
269  127  4
269  134  5
269  136  5
269  173  4
269  194  4
269  199  4
269  215  4
269  286  4
269  306  3
269  474  4
269  483  5
269  484  4
269  490  4
269  495  4
269  499  4
269  511  5
269  513  4
269  520  4
269  530  3
269  610  3
269  611  3
269  641  4
269  654  4
269  656  3
269  855  3
269  923  3
270  1  4
270  7  4
270  9  3
270  13  3
270  19  4
270  50  4
270  93  4
270  100  3
270  118  4
270  125  4
270  137  3
270  150  4
270  181  4
270  221  3
270  235  4
270  246  4
270  248  4
270  268  4
270  276  5
270  283  4
270  285  3
270  286  3
270  288  5
270  293  4
270  294  5
270  295  4
270  360  4
270  458  4
270  471  3
270  475  3
270  508  3
270  544  4
270  546  3
270  824  4
270  847  4
270  919  4
270  950  4
271  1  5
271  8  5
271  50  5
271  99  5
271  140  6
271  225  6
271  404  5
271  418  5
271  465  5
271  477  5
271  501  5
271  588  5
271  596  5
271  768  5
271  878  5
271  932  6
271  969  6
272  1  4
272  2  2
272  3  2
272  4  1
272  7  3
272  11  3
272  12  3
272  21  1
272  24  2
272  27  1
272  28  2
272  29  2
272  33  2
272  38  2
272  41  1
272  43  1
272  49  2
272  51  2
272  56  4
272  63  2
272  64  2
272  66  2
272  68  2
272  69  3
272  71  3
272  72  1
272  73  1
272  78  1
272  79  3
272  80  1
272  82  3
272  88  3
272  90  1
272  94  3
272  97  2
272  99  2
272  101  1
272  109  3
272  117  3
272  118  3
272  120  1
272  121  3
272  122  2
272  123  3
272  132  2
272  135  2
272  141  1
272  151  1
272  161  3
272  168  2
272  172  2
272  173  3
272  174  3
272  175  1
272  177  2
272  181  3
272  183  3
272  185  3
272  186  2
272  193  2
272  195  3
272  196  2
272  204  2
272  210  2
272  215  3
272  217  2
272  218  3
272  226  2
272  228  2
272  229  2
272  232  1
272  233  1
272  234  3
272  239  1
272  240  2
272  250  2
272  254  1
272  255  2
272  258  3
272  260  2
272  271  2
272  288  3
272  313  4
272  318  2
272  323  2
272  343  2
272  355  2
272  362  1
272  365  1
272  368  1
272  370  1
272  373  1
272  374  1
272  375  1
272  378  1
272  380  1
272  384  1
272  386  1
272  391  1
272  392  2
272  393  3
272  395  1
272  400  1
272  401  1
272  404  2
272  411  3
272  417  1
272  418  2
272  431  2
272  443  3
272  449  2
272  455  2
272  465  2
272  473  2
272  475  2
272  477  2
272  485  1
272  496  2
272  501  2
272  540  1
272  541  1
272  546  2
272  548  1
272  552  2
272  559  2
272  561  1
272  562  1
272  567  1
272  568  2
272  569  2
272  576  1
272  577  1
272  578  2
272  584  1
272  588  2
272  597  2
272  609  1
272  625  2
272  633  1
272  655  2
272  658  1
272  665  2
272  672  3
272  682  2
272  685  2
272  689  1
272  715  2
272  720  2
272  739  3
272  742  3
272  746  2
272  747  2
272  748  3
272  751  2
272  755  2
272  756  2
272  760  2
272  763  2
272  768  2
272  771  2
272  780  2
272  790  1
272  796  1
272  810  1
272  826  2
272  834  1
272  877  1
272  890  2
272  895  2
272  924  2
272  928  3
272  930  2
272  931  2
272  940  1
272  946  1
272  951  2
272  977  2
273  7  4
273  10  4
273  14  5
273  25  5
273  124  4
273  129  5
273  137  5
273  242  5
273  256  4
273  257  5
273  268  4
273  275  5
273  276  4
273  303  4
273  319  4
273  321  5
273  327  5
273  508  5
273  547  4
273  813  5
274  7  4
274  8  4
274  11  4
274  12  4
274  13  5
274  14  4
274  15  4
274  22  4
274  23  5
274  26  4
274  42  5
274  44  4
274  45  4
274  48  4
274  50  4
274  52  4
274  58  4
274  60  4
274  61  4
274  64  4
274  66  4
274  68  4
274  69  5
274  70  4
274  71  4
274  72  4
274  73  4
274  76  4
274  77  4
274  79  4
274  83  4
274  86  4
274  87  4
274  88  4
274  89  5
274  92  4
274  97  4
274  98  4
274  99  4
274  107  4
274  116  4
274  117  4
274  121  4
274  131  4
274  132  4
274  134  4
274  135  4
274  136  4
274  141  4
274  150  4
274  161  4
274  168  5
274  170  4
274  171  4
274  172  4
274  173  4
274  175  4
274  176  5
274  178  4
274  179  4
274  180  4
274  182  4
274  183  4
274  191  4
274  192  4
274  193  4
274  194  4
274  195  4
274  196  4
274  198  4
274  199  4
274  203  4
274  205  4
274  207  4
274  208  4
274  209  5
274  210  4
274  211  4
274  212  4
274  215  4
274  216  4
274  218  4
274  221  4
274  227  5
274  230  5
274  234  4
274  237  4
274  238  5
274  244  4
274  248  4
274  252  4
274  257  4
274  258  4
274  265  5
274  274  4
274  275  4
274  276  4
274  282  4
274  283  4
274  285  4
274  286  4
274  288  4
274  289  4
274  291  4
274  293  4
274  298  4
274  302  4
274  315  4
274  316  4
274  317  4
274  322  4
274  326  4
274  346  4
274  356  4
274  380  4
274  382  4
274  385  4
274  410  4
274  414  4
274  416  4
274  418  4
274  419  4
274  430  5
274  434  4
274  435  5
274  436  4
274  461  4
274  463  4
274  470  4
274  474  5
274  475  5
274  478  4
274  480  4
274  481  4
274  483  5
274  484  4
274  486  4
274  488  4
274  489  4
274  490  4
274  491  4
274  493  4
274  495  4
274  497  4
274  498  4
274  499  4
274  503  4
274  506  4
274  507  5
274  508  4
274  510  4
274  511  4
274  513  4
274  514  4
274  517  4
274  518  4
274  519  4
274  520  4
274  521  4
274  525  4
274  526  4
274  527  4
274  528  4
274  529  4
274  530  4
274  553  4
274  566  4
274  584  4
274  591  4
274  601  4
274  602  4
274  603  5
274  604  4
274  605  4
274  607  4
274  610  4
274  614  4
274  615  4
274  617  4
274  618  4
274  628  4
274  633  4
274  641  4
274  642  4
274  646  4
274  648  4
274  649  4
274  651  5
274  653  4
274  657  4
274  659  4
274  660  4
274  661  4
274  664  4
274  676  4
274  684  4
274  685  4
274  692  4
274  696  4
274  697  4
274  699  4
274  705  4
274  707  4
274  708  4
274  709  4
274  735  4
274  736  4
274  744  4
274  756  4
274  789  4
274  792  4
274  836  4
274  848  4
274  921  4
274  923  4
274  939  4
274  943  4
274  945  4
274  963  4
274  966  4
274  971  4
274  996  4
275  70  3
275  127  4
275  259  2
275  286  2
275  313  4
275  316  3
275  902  2
276  4  3
276  26  3
276  42  3
276  56  4
276  63  3
276  67  3
276  72  3
276  73  3
276  80  3
276  83  4
276  85  3
276  168  4
276  186  4
276  194  4
276  202  4
276  204  4
276  208  4
276  209  4
276  211  4
276  216  4
276  232  3
276  238  4
276  239  3
276  288  3
276  294  3
276  300  3
276  328  3
276  343  2
276  367  3
276  386  3
276  435  3
276  579  3
276  585  3
276  648  3
276  655  3
276  692  4
276  710  3
276  715  3
276  734  3
276  738  3
276  748  3
276  765  2
276  781  3
276  790  3
276  792  3
276  890  3
276  944  3
276  999  3
277  15  4
277  20  5
277  36  4
277  49  4
277  88  4
277  255  4
277  280  4
277  282  4
277  289  4
277  294  4
277  369  4
277  553  4
277  709  4
277  722  4
277  724  4
277  732  4
277  756  4
277  778  4
277  781  4
277  815  5
278  1  4
278  7  4
278  17  3
278  23  3
278  26  2
278  28  3
278  40  2
278  41  2
278  42  3
278  48  3
278  50  4
278  69  3
278  72  3
278  77  3
278  79  4
278  81  3
278  93  3
278  111  2
278  122  2
278  134  3
278  137  2
278  143  4
278  145  3
278  151  3
278  160  3
278  161  3
278  168  4
278  188  2
278  196  4
278  216  3
278  219  3
278  222  3
278  231  3
278  237  3
278  238  4
278  255  2
278  276  2
278  282  2
278  288  3
278  300  3
278  318  3
278  327  2
278  340  2
278  350  2
278  354  2
278  357  2
278  367  3
278  369  2
278  381  3
278  392  2
278  403  3
278  410  2
278  412  2
278  427  3
278  447  4
278  451  3
278  467  2
278  469  2
278  496  3
278  518  3
278  591  2
278  604  2
278  616  2
278  655  3
278  673  2
278  684  3
278  739  3
278  743  2
278  763  3
278  843  2
278  866  2
278  959  3
278  975  2
279  1  3
279  8  3
279  24  3
279  28  2
279  31  3
279  50  2
279  54  3
279  55  3
279  58  3
279  66  3
279  70  3
279  71  2
279  79  3
279  82  2
279  88  3
279  89  2
279  95  2
279  96  3
279  97  3
279  100  3
279  101  3
279  108  4
279  111  3
279  117  3
279  118  3
279  121  3
279  122  4
279  127  3
279  133  3
279  135  2
279  144  3
279  147  4
279  153  3
279  161  2
279  164  3
279  168  2
279  172  3
279  173  3
279  174  3
279  175  3
279  176  3
279  177  3
279  179  3
279  180  3
279  181  3
279  182  3
279  183  2
279  185  2
279  187  3
279  188  3
279  189  4
279  190  3
279  195  3
279  197  3
279  198  4
279  201  3
279  204  3
279  209  3
279  210  2
279  211  3
279  213  3
279  215  3
279  216  2
279  226  3
279  228  2
279  230  3
279  241  3
279  248  3
279  249  4
279  255  4
279  257  4
279  258  3
279  261  4
279  264  3
279  265  2
279  266  4
279  270  3
279  272  3
279  274  3
279  281  3
279  282  4
279  283  3
279  286  3
279  288  4
279  294  3
279  295  4
279  298  3
279  300  3
279  304  3
279  318  3
279  324  3
279  328  3
279  356  3
279  358  3
279  380  3
279  385  2
279  398  4
279  421  4
279  422  4
279  423  2
279  436  3
279  463  3
279  472  3
279  479  3
279  483  2
279  489  4
279  500  4
279  510  3
279  511  3
279  523  3
279  526  3
279  528  3
279  535  4
279  546  3
279  566  3
279  602  3
279  604  3
279  616  3
279  629  3
279  632  3
279  640  3
279  651  3
279  655  3
279  680  4
279  688  4
279  692  3
279  727  3
279  732  3
279  739  3
279  748  4
279  751  3
279  752  4
279  840  3
279  879  3
279  931  4
279  945  4
280  8  4
280  12  4
280  64  3
280  89  4
280  96  4
280  100  4
280  114  4
280  165  4
280  166  4
280  172  5
280  174  4
280  175  5
280  183  3
280  190  4
280  203  4
280  213  4
280  234  3
280  237  4
280  257  4
280  258  4
280  265  4
280  272  4
280  294  4
280  298  4
280  319  4
280  347  5
280  479  4
280  483  4
280  504  4
280  510  4
280  511  3
280  517  4
280  615  4
280  642  4
280  661  5
280  705  5
280  863  5
281  4  5
281  42  5
281  50  4
281  66  4
281  70  4
281  86  4
281  98  3
281  100  5
281  153  4
281  163  5
281  173  4
281  197  4
281  204  4
281  207  5
281  210  4
281  216  4
281  238  5
281  283  4
281  313  4
281  322  4
281  427  4
281  435  4
281  479  4
281  484  4
281  505  4
281  514  5
281  524  4
281  596  4
281  648  5
281  650  4
281  659  5
281  678  5
281  692  4
281  780  5
282  127  3
282  257  2
282  269  3
282  288  4
282  289  4
282  311  2
282  315  2
282  321  3
282  346  3
282  748  3
282  876  3
282  988  2
283  1  3
283  12  3
283  20  4
283  99  3
283  107  4
283  109  3
283  116  3
283  121  3
283  151  4
283  180  4
283  181  4
283  195  3
283  197  4
283  199  4
283  229  3
283  230  3
283  237  3
283  249  3
283  250  3
283  257  4
283  271  4
283  274  4
283  275  3
283  277  4
283  286  3
283  290  4
283  313  3
283  365  4
283  380  3
283  405  3
283  432  3
283  449  3
283  462  4
283  480  4
283  538  4
283  582  4
283  743  4
283  900  4
284  1  4
284  7  3
284  9  3
284  15  2
284  24  2
284  25  4
284  28  2
284  29  2
284  50  4
284  51  2
284  53  1
284  56  3
284  69  3
284  70  3
284  71  3
284  73  2
284  79  3
284  82  3
284  94  2
284  96  3
284  97  3
284  98  3
284  111  3
284  122  1
284  135  3
284  136  2
284  143  3
284  144  3
284  150  2
284  151  3
284  168  3
284  174  3
284  181  4
284  195  3
284  202  4
284  204  3
284  216  3
284  222  3
284  227  3
284  228  3
284  229  2
284  230  2
284  234  2
284  235  2
284  237  3
284  239  3
284  248  2
284  250  2
284  252  1
284  257  2
284  258  3
284  265  3
284  274  3
284  275  2
284  293  1
284  294  2
284  300  2
284  313  2
284  315  1
284  318  3
284  343  1
284  385  2
284  392  2
284  399  2
284  405  3
284  419  2
284  427  2
284  431  2
284  449  2
284  463  2
284  472  2
284  510  2
284  550  2
284  554  2
284  560  2
284  562  2
284  568  3
284  578  1
284  588  3
284  597  2
284  625  2
284  651  3
284  655  3
284  665  2
284  679  2
284  692  3
284  699  2
284  746  2
284  755  2
284  778  2
284  823  2
284  829  2
284  849  1
284  879  2
284  924  2
284  926  2
285  245  2
285  288  2
285  289  1
285  294  2
285  303  1
285  319  1
285  321  1
285  326  1
285  328  2
285  347  1
285  538  1
286  1  2
286  3  1
286  6  1
286  7  2
286  10  1
286  13  3
286  14  3
286  15  2
286  20  2
286  93  1
286  109  1
286  111  2
286  117  1
286  121  1
286  123  1
286  124  2
286  125  1
286  127  4
286  129  1
286  137  1
286  146  1
286  147  1
286  150  1
286  151  1
286  181  2
286  220  1
286  221  2
286  235  1
286  236  1
286  237  3
286  245  1
286  248  1
286  250  1
286  255  1
286  257  2
286  258  2
286  262  1
286  264  1
286  270  1
286  273  2
286  275  2
286  276  2
286  277  1
286  280  1
286  282  1
286  284  1
286  286  3
286  295  1
286  298  1
286  299  1
286  300  2
286  305  1
286  321  1
286  322  1
286  327  1
286  331  1
286  332  1
286  333  1
286  336  1
286  460  1
286  471  1
286  475  2
286  476  1
286  508  1
286  591  1
286  595  1
286  597  1
286  620  1
286  628  1
286  678  1
286  689  1
286  690  1
286  696  1
286  717  1
286  718  1
286  742  1
286  748  1
286  762  2
286  766  1
286  818  1
286  823  1
286  845  2
286  846  1
286  864  1
286  872  1
286  879  1
286  880  1
286  882  1
286  886  1
286  924  1
286  935  1
286  936  1
286  975  1
286  994  1
286  995  1
287  1  5
287  2  7
287  3  6
287  4  6
287  12  5
287  17  7
287  25  5
287  28  5
287  31  6
287  38  6
287  42  6
287  43  7
287  45  6
287  48  6
287  49  6
287  50  4
287  55  6
287  56  4
287  58  5
287  66  5
287  68  6
287  69  5
287  71  6
287  73  6
287  76  6
287  77  6
287  79  5
287  81  6
287  87  5
287  88  6
287  92  6
287  95  6
287  96  6
287  97  5
287  99  6
287  100  6
287  111  6
287  117  6
287  121  5
287  125  6
287  133  6
287  136  6
287  140  7
287  143  6
287  144  6
287  150  6
287  160  6
287  161  6
287  172  6
287  174  5
287  176  6
287  179  6
287  181  5
287  188  6
287  191  5
287  194  5
287  195  5
287  202  6
287  206  6
287  215  5
287  216  5
287  218  7
287  222  5
287  226  6
287  227  6
287  230  6
287  232  6
287  237  6
287  239  7
287  249  7
287  252  7
287  255  6
287  257  6
287  258  5
287  259  7
287  260  6
287  265  5
287  270  7
287  272  6
287  273  6
287  276  6
287  280  6
287  282  6
287  286  4
287  288  7
287  289  6
287  293  6
287  294  6
287  298  6
287  300  5
287  333  6
287  347  6
287  356  7
287  366  7
287  367  6
287  378  6
287  402  6
287  403  6
287  404  6
287  411  7
287  412  7
287  419  6
287  423  5
287  432  6
287  455  6
287  462  6
287  470  6
287  471  6
287  474  5
287  501  6
287  540  7
287  541  6
287  546  6
287  549  6
287  550  7
287  566  6
287  572  7
287  578  7
287  586  7
287  588  6
287  591  6
287  596  6
287  597  6
287  620  7
287  627  7
287  628  6
287  651  6
287  652  6
287  658  6
287  672  7
287  679  7
287  684  6
287  685  6
287  686  6
287  692  6
287  710  6
287  713  6
287  727  6
287  732  6
287  735  5
287  739  6
287  742  6
287  747  6
287  748  6
287  768  6
287  772  7
287  779  7
287  781  6
287  790  7
287  794  6
287  820  7
287  823  7
287  833  7
287  845  6
287  921  6
287  932  7
287  939  6
287  941  7
287  955  6
287  956  6
287  978  7
288  8  4
288  9  4
288  11  3
288  22  4
288  33  4
288  50  3
288  58  4
288  64  4
288  69  4
288  70  4
288  83  4
288  87  4
288  96  4
288  98  4
288  111  3
288  133  4
288  135  4
288  154  4
288  164  4
288  168  4
288  172  4
288  173  4
288  176  4
288  180  4
288  181  4
288  182  3
288  183  4
288  185  3
288  186  4
288  187  4
288  190  4
288  196  4
288  198  4
288  199  4
288  203  4
288  207  4
288  208  4
288  210  4
288  211  4
288  222  4
288  228  4
288  230  4
288  238  4
288  243  4
288  245  4
288  258  3
288  259  4
288  260  4
288  265  4
288  269  3
288  289  4
288  292  4
288  299  4
288  304  4
288  318  4
288  328  4
288  333  4
288  357  4
288  358  4
288  385  4
288  405  3
288  414  4
288  419  4
288  429  4
288  468  4
288  474  4
288  480  4
288  483  4
288  485  4
288  491  4
288  493  4
288  496  4
288  498  4
288  500  4
288  510  4
288  511  4
288  514  4
288  515  4
288  520  4
288  521  4
288  523  4
288  526  4
288  527  4
288  568  4
288  605  4
288  612  4
288  655  4
288  659  4
288  662  4
288  692  4
288  707  4
288  724  4
288  732  4
288  748  4
288  776  4
288  845  4
288  880  4
288  890  4
289  243  4
289  258  4
289  259  4
289  260  4
289  261  4
289  263  4
289  264  4
289  266  4
289  268  4
289  270  4
289  271  4
289  272  4
289  288  4
289  289  4
289  292  4
289  294  4
289  301  4
289  302  4
289  303  5
289  304  4
289  308  4
289  310  4
289  313  4
289  315  4
289  316  4
289  321  4
289  324  4
289  325  4
289  326  5
289  327  4
289  330  4
289  331  4
289  333  5
289  334  4
289  339  4
289  340  4
289  342  4
289  343  4
289  349  4
289  353  4
289  355  4
289  358  4
289  457  4
289  538  4
289  539  4
289  678  4
289  680  4
289  681  4
289  682  4
289  687  4
289  689  4
289  750  4
289  751  4
289  752  4
289  872  4
289  873  4
289  874  4
289  875  4
289  878  4
289  881  4
289  883  4
289  887  4
289  892  4
289  902  4
289  908  4
289  948  4
289  988  4
289  989  4
289  991  4
290  7  3
290  9  3
290  50  3
290  93  3
290  117  3
290  123  3
290  126  3
290  127  4
290  137  4
290  150  3
290  151  3
290  181  3
290  224  3
290  237  3
290  246  3
290  257  3
290  258  2
290  273  3
290  277  3
290  284  3
290  286  3
290  292  3
290  293  3
290  298  3
290  302  3
290  333  3
290  410  3
290  473  3
290  475  3
290  515  4
290  596  3
290  741  3
290  764  3
290  919  3
290  926  3
290  993  3
291  7  3
291  19  2
291  45  2
291  100  3
291  129  2
291  236  2
291  258  2
291  273  2
291  285  2
291  286  3
291  340  2
291  475  2
291  657  3
291  696  2
291  900  2
292  45  3
292  56  4
292  64  4
292  69  4
292  83  4
292  86  4
292  97  4
292  124  3
292  127  4
292  131  3
292  134  4
292  137  4
292  185  4
292  186  4
292  187  4
292  193  4
292  205  4
292  212  3
292  221  4
292  242  4
292  285  4
292  286  3
292  291  4
292  318  3
292  479  3
292  483  4
292  492  4
292  511  4
292  523  4
292  527  4
292  654  4
292  657  5
292  772  4
292  923  4
293  1  4
293  7  4
293  11  3
293  12  4
293  22  4
293  24  3
293  48  3
293  50  4
293  56  4
293  59  3
293  60  2
293  61  3
293  65  3
293  71  5
293  79  4
293  82  4
293  91  4
293  95  4
293  96  4
293  98  4
293  100  4
293  115  3
293  117  4
293  118  4
293  121  4
293  124  3
293  127  3
293  150  3
293  151  4
293  156  3
293  168  4
293  171  3
293  172  4
293  173  4
293  174  5
293  175  3
293  176  4
293  180  4
293  181  4
293  182  3
293  183  4
293  188  4
293  191  5
293  192  3
293  195  5
293  196  4
293  201  3
293  209  3
293  210  4
293  222  4
293  234  4
293  235  3
293  238  4
293  239  3
293  250  3
293  252  3
293  257  3
293  258  4
293  260  3
293  264  3
293  265  4
293  271  3
293  273  3
293  275  3
293  288  4
293  298  4
293  300  4
293  318  4
293  323  3
293  327  3
293  328  4
293  343  3
293  357  4
293  369  3
293  404  4
293  405  4
293  410  4
293  411  3
293  423  5
293  431  3
293  455  3
293  462  3
293  475  3
293  483  4
293  528  4
293  546  4
293  550  4
293  647  3
293  652  3
293  684  4
293  687  3
293  693  3
293  742  4
293  746  4
293  751  3
293  754  3
293  762  4
293  763  3
293  876  3
293  879  3
293  886  3
293  890  3
293  925  3
294  1  2
294  9  2
294  15  2
294  50  3
294  64  3
294  65  1
294  86  1
294  98  3
294  100  2
294  107  1
294  126  1
294  174  3
294  191  2
294  194  2
294  199  2
294  222  2
294  237  2
294  286  2
294  294  2
294  322  1
294  427  2
294  479  2
294  507  1
294  528  1
294  924  1
295  2  5
295  4  4
295  11  5
295  29  6
295  44  6
295  50  4
295  53  6
295  54  5
295  56  5
295  62  5
295  64  4
295  68  5
295  69  4
295  71  5
295  79  5
295  84  5
295  86  5
295  88  6
295  89  4
295  90  5
295  91  5
295  94  5
295  95  5
295  98  4
295  101  5
295  109  5
295  120  6
295  121  5
295  127  4
295  132  4
295  133  5
295  139  6
295  140  6
295  143  5
295  144  5
295  145  6
295  147  5
295  151  5
295  153  4
295  155  5
295  157  5
295  158  6
295  161  5
295  162  5
295  163  5
295  167  5
295  168  4
295  172  4
295  173  4
295  174  4
295  176  4
295  179  5
295  181  5
295  184  5
295  186  5
295  188  5
295  195  4
295  200  5
295  201  6
295  202  4
295  204  4
295  214  5
295  216  5
295  217  5
295  222  4
295  226  6
295  227  5
295  228  4
295  229  4
295  230  5
295  231  5
295  232  6
295  234  5
295  235  6
295  265  6
295  282  5
295  288  5
295  357  4
295  379  6
295  380  5
295  385  5
295  386  6
295  389  6
295  391  6
295  392  6
295  395  6
295  402  5
295  403  4
295  404  5
295  413  5
295  416  6
295  417  6
295  421  6
295  423  4
295  433  5
295  435  5
295  444  6
295  447  5
295  449  5
295  451  5
295  452  5
295  465  5
295  472  5
295  478  5
295  479  5
295  496  5
295  501  5
295  504  5
295  505  5
295  507  5
295  523  5
295  559  5
295  566  6
295  575  6
295  581  5
295  616  6
295  622  5
295  629  6
295  642  5
295  650  6
295  658  5
295  660  5
295  665  5
295  671  6
295  674  6
295  679  5
295  684  5
295  705  5
295  732  6
295  742  6
295  768  6
295  770  6
295  790  6
295  796  6
295  797  6
295  831  6
295  843  6
295  924  6
295  944  6
296  7  4
296  10  6
296  11  6
296  17  6
296  33  5
296  38  6
296  39  6
296  50  6
296  53  6
296  56  6
296  64  5
296  77  5
296  89  5
296  96  5
296  97  5
296  98  5
296  99  5
296  109  6
296  132  4
296  133  5
296  135  5
296  136  6
296  141  6
296  142  6
296  143  6
296  147  5
296  150  6
296  154  5
296  156  6
296  158  7
296  164  6
296  172  5
296  173  6
296  181  5
296  183  5
296  191  5
296  204  4
296  222  6
296  227  6
296  228  5
296  229  5
296  246  6
296  268  6
296  288  5
296  318  4
296  356  5
296  378  6
296  380  6
296  393  5
296  417  6
296  418  6
296  420  5
296  421  6
296  432  5
296  433  6
296  469  6
296  480  5
296  484  5
296  485  5
296  509  5
296  526  6
296  528  5
296  554  6
296  607  6
296  625  5
296  633  6
296  659  6
296  727  6
296  743  6
296  746  6
296  774  6
296  825  6
296  921  6
297  1  3
297  2  5
297  3  4
297  11  4
297  12  4
297  13  4
297  19  5
297  24  4
297  25  5
297  28  4
297  31  4
297  38  5
297  39  4
297  54  4
297  56  2
297  66  4
297  67  5
297  70  5
297  71  4
297  72  4
297  77  4
297  79  3
297  80  5
297  82  4
297  87  4
297  89  4
297  94  4
297  95  4
297  96  4
297  97  4
297  98  3
297  99  4
297  100  3
297  101  4
297  105  4
297  108  5
297  109  5
297  114  5
297  118  4
297  122  5
297  127  4
297  139  5
297  145  5
297  152  5
297  153  4
297  155  4
297  161  4
297  163  5
297  164  4
297  167  5
297  168  4
297  173  3
297  174  3
297  175  4
297  181  4
297  183  3
297  186  4
297  187  4
297  188  4
297  189  5
297  194  4
297  195  4
297  202  4
297  204  4
297  208  5
297  217  4
297  222  5
297  225  5
297  227  4
297  228  5
297  229  4
297  230  4
297  233  5
297  234  3
297  240  4
297  242  4
297  248  5
297  250  4
297  252  5
297  257  5
297  258  4
297  260  5
297  273  4
297  274  4
297  288  4
297  291  5
297  298  4
297  325  5
297  358  4
297  363  4
297  364  5
297  373  5
297  381  4
297  382  4
297  384  5
297  385  4
297  386  5
297  393  4
297  395  5
297  399  5
297  403  4
297  405  4
297  407  5
297  408  5
297  412  4
297  418  4
297  420  4
297  423  4
297  431  4
297  432  4
297  451  4
297  452  4
297  455  5
297  465  4
297  472  4
297  475  4
297  501  4
297  508  4
297  510  3
297  526  4
297  540  5
297  545  5
297  549  4
297  550  4
297  552  4
297  562  4
297  566  4
297  568  4
297  570  5
297  575  5
297  577  5
297  578  5
297  590  5
297  597  5
297  603  4
297  625  4
297  627  4
297  645  5
297  651  4
297  652  4
297  655  4
297  657  4
297  679  4
297  692  4
297  716  5
297  720  5
297  721  5
297  722  5
297  724  5
297  731  5
297  741  5
297  746  5
297  748  5
297  758  5
297  765  4
297  771  5
297  780  5
297  781  5
297  783  5
297  790  5
297  792  4
297  797  5
297  802  5
297  808  4
297  809  5
297  810  5
297  840  5
297  849  5
297  864  5
297  940  5
297  943  5
297  1000  5
298  12  3
298  23  3
298  32  2
298  50  3
298  53  2
298  54  2
298  56  4
298  59  2
298  61  2
298  79  3
298  83  3
298  89  3
298  98  4
298  121  3
298  124  3
298  127  3
298  136  3
298  137  2
298  144  2
298  150  2
298  151  3
298  156  2
298  160  2
298  164  2
298  168  2
298  171  2
298  172  3
298  175  3
298  176  3
298  182  2
298  183  3
298  186  2
298  187  3
298  191  3
298  192  3
298  197  3
298  202  3
298  203  3
298  204  3
298  210  2
298  212  2
298  218  3
298  222  2
298  228  3
298  258  2
298  262  2
298  271  3
298  275  3
298  288  3
298  293  2
298  302  2
298  340  2
298  381  2
298  425  3
298  435  3
298  443  4
298  447  3
298  448  2
298  449  2
298  464  2
298  474  3
298  475  2
298  483  4
298  484  2
298  486  2
298  489  2
298  512  2
298  514  2
298  515  2
298  522  2
298  525  2
298  538  2
298  548  2
298  558  2
298  591  2
298  594  2
298  603  2
298  607  2
298  628  2
298  631  3
298  649  2
298  652  2
298  656  2
298  664  2
298  675  2
298  754  2
298  772  2
298  806  2
298  887  2
298  919  2
298  922  2
298  933  2
298  985  2
299  7  3
299  8  2
299  11  2
299  12  3
299  50  3
299  69  3
299  87  2
299  97  4
299  117  2
299  127  4
299  132  3
299  136  3
299  153  3
299  176  3
299  177  3
299  181  3
299  182  3
299  183  3
299  191  3
299  193  2
299  194  3
299  198  2
299  202  2
299  207  2
299  210  4
299  213  3
299  215  2
299  238  3
299  251  2
299  271  2
299  272  2
299  275  2
299  295  2
299  300  3
299  301  2
299  307  2
299  312  2
299  313  2
299  326  2
299  347  2
299  357  4
299  414  3
299  425  2
299  427  3
299  463  2
299  474  3
299  482  3
299  483  3
299  484  2
299  486  2
299  497  2
299  511  3
299  514  3
299  516  2
299  520  2
299  521  3
299  530  3
299  539  2
299  605  2
299  651  3
299  657  2
299  661  2
299  663  2
299  664  2
299  692  3
299  742  2
299  879  2
299  887  2
299  902  2
300  1  4
300  3  5
300  8  3
300  9  3
300  15  4
300  25  4
300  28  4
300  30  3
300  39  4
300  43  4
300  44  5
300  45  3
300  50  5
300  56  4
300  58  3
300  59  3
300  61  3
300  62  4
300  69  5
300  70  4
300  72  3
300  77  4
300  83  3
300  88  4
300  89  4
300  94  4
300  97  3
300  98  4
300  100  4
300  111  4
300  116  3
300  118  4
300  120  4
300  125  4
300  133  3
300  135  4
300  143  4
300  147  4
300  159  4
300  164  4
300  172  5
300  175  3
300  179  4
300  181  4
300  202  3
300  204  4
300  208  4
300  210  4
300  211  3
300  216  4
300  217  4
300  223  3
300  234  4
300  235  5
300  237  4
300  238  3
300  244  4
300  245  4
300  246  5
300  250  4
300  252  4
300  255  4
300  257  5
300  258  4
300  268  4
300  274  4
300  275  3
300  276  4
300  281  4
300  282  4
300  283  3
300  284  4
300  285  3
300  287  4
300  294  5
300  298  5
300  300  5
300  301  4
300  304  4
300  316  4
300  319  4
300  325  4
300  381  4
300  386  4
300  387  3
300  393  5
300  396  4
300  405  4
300  412  4
300  421  4
300  448  4
300  464  3
300  469  4
300  471  4
300  472  4
300  475  3
300  476  4
300  479  4
300  498  3
300  514  3
300  517  3
300  522  4
300  529  3
300  531  4
300  535  4
300  553  4
300  559  4
300  568  3
300  569  5
300  584  4
300  611  3
300  619  4
300  639  3
300  640  4
300  660  4
300  662  3
300  665  4
300  699  3
300  708  4
300  709  3
300  714  4
300  721  4
300  729  4
300  735  3
300  739  4
300  742  4
300  762  3
300  768  4
300  775  4
300  780  4
300  781  4
300  815  4
300  821  4
300  827  4
300  836  3
300  845  3
300  930  4
300  964  3
300  971  3
300  988  4
300  996  4
